simulation month frag_zone year random_number selected_set
1 1 1 1 0.42425348150595743 1
1 1 1 2 0.42425348150595743 1
1 1 1 3 0.42425348150595743 1
1 1 2 1 0.4486303685541173 5
1 1 2 2 0.4486303685541173 5
1 1 2 3 0.4486303685541173 5
1 1 3 1 0.6717768468986856 6
1 1 3 2 0.6717768468986856 6
1 1 3 3 0.6717768468986856 6
1 1 4 1 0.6904653649865722 10
1 1 4 2 0.6904653649865722 10
1 1 4 3 0.6904653649865722 10
1 1 5 1 0.3054573475171801 6
1 1 5 2 0.3054573475171801 6
1 1 5 3 0.3054573475171801 6
1 1 6 1 0.5049924813377051 1
1 1 6 2 0.5049924813377051 1
1 1 6 3 0.5049924813377051 1
1 1 7 1 0.4416568178042236 6
1 1 7 2 0.4416568178042236 6
1 1 7 3 0.4416568178042236 6
1 1 8 1 0.2805162238217934 5
1 1 8 2 0.2805162238217934 5
1 1 8 3 0.2805162238217934 5
1 1 9 1 0.24598750562004523 3
1 1 9 2 0.24598750562004523 3
1 1 9 3 0.24598750562004523 3
1 1 10 1 0.3948146437814797 1
1 1 10 2 0.3948146437814797 1
1 1 10 3 0.3948146437814797 1
1 1 11 1 0.5267455258199649 2
1 1 11 2 0.5267455258199649 2
1 1 11 3 0.5267455258199649 2
1 1 12 1 0.3262901361208085 7
1 1 12 2 0.3262901361208085 7
1 1 12 3 0.3262901361208085 7
1 1 13 1 0.8127618604542199 1
1 1 13 2 0.8127618604542199 1
1 1 13 3 0.8127618604542199 1
1 1 14 1 0.23703614342871526 3
1 1 14 2 0.23703614342871526 3
1 1 14 3 0.23703614342871526 3
1 1 15 1 0.7082591875464506 7
1 1 15 2 0.7082591875464506 7
1 1 15 3 0.7082591875464506 7
1 1 16 1 0.3402693900313015 7
1 1 16 2 0.3402693900313015 7
1 1 16 3 0.3402693900313015 7
1 1 17 1 0.0008294298668126698 2
1 1 17 2 0.0008294298668126698 2
1 1 17 3 0.0008294298668126698 2
1 1 18 1 0.25824584582434706 1
1 1 18 2 0.25824584582434706 1
1 1 18 3 0.25824584582434706 1
1 2 1 1 0.45848222724932863 9
1 2 1 2 0.45848222724932863 9
1 2 1 3 0.45848222724932863 9
1 2 2 1 0.16110724889077965 4
1 2 2 2 0.16110724889077965 4
1 2 2 3 0.16110724889077965 4
1 2 3 1 0.46760276110801513 7
1 2 3 2 0.46760276110801513 7
1 2 3 3 0.46760276110801513 7
1 2 4 1 0.31882790582160125 10
1 2 4 2 0.31882790582160125 10
1 2 4 3 0.31882790582160125 10
1 2 5 1 0.7636139769182405 3
1 2 5 2 0.7636139769182405 3
1 2 5 3 0.7636139769182405 3
1 2 6 1 0.6354282732244156 6
1 2 6 2 0.6354282732244156 6
1 2 6 3 0.6354282732244156 6
1 2 7 1 0.4755995907251588 8
1 2 7 2 0.4755995907251588 8
1 2 7 3 0.4755995907251588 8
1 2 8 1 0.9214572593690132 5
1 2 8 2 0.9214572593690132 5
1 2 8 3 0.9214572593690132 5
1 2 9 1 0.2177806549366812 9
1 2 9 2 0.2177806549366812 9
1 2 9 3 0.2177806549366812 9
1 2 10 1 0.5605808240296082 7
1 2 10 2 0.5605808240296082 7
1 2 10 3 0.5605808240296082 7
1 2 11 1 0.8101730871102506 9
1 2 11 2 0.8101730871102506 9
1 2 11 3 0.8101730871102506 9
1 2 12 1 0.66593400171577 10
1 2 12 2 0.66593400171577 10
1 2 12 3 0.66593400171577 10
1 2 13 1 0.7798810156939587 1
1 2 13 2 0.7798810156939587 1
1 2 13 3 0.7798810156939587 1
1 2 14 1 0.1666033406913635 7
1 2 14 2 0.1666033406913635 7
1 2 14 3 0.1666033406913635 7
1 2 15 1 0.42715095496417677 5
1 2 15 2 0.42715095496417677 5
1 2 15 3 0.42715095496417677 5
1 2 16 1 0.08765238367270833 4
1 2 16 2 0.08765238367270833 4
1 2 16 3 0.08765238367270833 4
1 2 17 1 0.10881976787145164 4
1 2 17 2 0.10881976787145164 4
1 2 17 3 0.10881976787145164 4
1 2 18 1 0.5252319359612226 6
1 2 18 2 0.5252319359612226 6
1 2 18 3 0.5252319359612226 6
1 3 1 1 0.767221463167385 8
1 3 1 2 0.767221463167385 8
1 3 1 3 0.767221463167385 8
1 3 2 1 0.5705120770941098 6
1 3 2 2 0.5705120770941098 6
1 3 2 3 0.5705120770941098 6
1 3 3 1 0.7011530430662238 8
1 3 3 2 0.7011530430662238 8
1 3 3 3 0.7011530430662238 8
1 3 4 1 0.7239429543552243 7
1 3 4 2 0.7239429543552243 7
1 3 4 3 0.7239429543552243 7
1 3 5 1 0.3368772910292931 10
1 3 5 2 0.3368772910292931 10
1 3 5 3 0.3368772910292931 10
1 3 6 1 0.06537030552434864 2
1 3 6 2 0.06537030552434864 2
1 3 6 3 0.06537030552434864 2
1 3 7 1 0.6967349164126991 5
1 3 7 2 0.6967349164126991 5
1 3 7 3 0.6967349164126991 5
1 3 8 1 0.10497886038401594 3
1 3 8 2 0.10497886038401594 3
1 3 8 3 0.10497886038401594 3
1 3 9 1 0.6229240080901547 8
1 3 9 2 0.6229240080901547 8
1 3 9 3 0.6229240080901547 8
1 3 10 1 0.73732919589108 8
1 3 10 2 0.73732919589108 8
1 3 10 3 0.73732919589108 8
1 3 11 1 0.3059383116793414 10
1 3 11 2 0.3059383116793414 10
1 3 11 3 0.3059383116793414 10
1 3 12 1 0.5174998810515518 6
1 3 12 2 0.5174998810515518 6
1 3 12 3 0.5174998810515518 6
1 3 13 1 0.5498613982699456 3
1 3 13 2 0.5498613982699456 3
1 3 13 3 0.5498613982699456 3
1 3 14 1 0.771766522048493 10
1 3 14 2 0.771766522048493 10
1 3 14 3 0.771766522048493 10
1 3 15 1 0.5910812260579952 6
1 3 15 2 0.5910812260579952 6
1 3 15 3 0.5910812260579952 6
1 3 16 1 0.24823140328815674 5
1 3 16 2 0.24823140328815674 5
1 3 16 3 0.24823140328815674 5
1 3 17 1 0.8016922447587352 8
1 3 17 2 0.8016922447587352 8
1 3 17 3 0.8016922447587352 8
1 3 18 1 0.5659779807906696 4
1 3 18 2 0.5659779807906696 4
1 3 18 3 0.5659779807906696 4
1 4 1 1 0.9691253383480717 4
1 4 1 2 0.9691253383480717 4
1 4 1 3 0.9691253383480717 4
1 4 2 1 0.10808561051194265 2
1 4 2 2 0.10808561051194265 2
1 4 2 3 0.10808561051194265 2
1 4 3 1 0.9783082368636551 4
1 4 3 2 0.9783082368636551 4
1 4 3 3 0.9783082368636551 4
1 4 4 1 0.27234268027915953 9
1 4 4 2 0.27234268027915953 9
1 4 4 3 0.27234268027915953 9
1 4 5 1 0.7425116592490228 2
1 4 5 2 0.7425116592490228 2
1 4 5 3 0.7425116592490228 2
1 4 6 1 0.038236066094752164 8
1 4 6 2 0.038236066094752164 8
1 4 6 3 0.038236066094752164 8
1 4 7 1 0.8341694531324403 6
1 4 7 2 0.8341694531324403 6
1 4 7 3 0.8341694531324403 6
1 4 8 1 0.9581009243336186 1
1 4 8 2 0.9581009243336186 1
1 4 8 3 0.9581009243336186 1
1 4 9 1 0.1931376772853146 10
1 4 9 2 0.1931376772853146 10
1 4 9 3 0.1931376772853146 10
1 4 10 1 0.1427688048497281 3
1 4 10 2 0.1427688048497281 3
1 4 10 3 0.1427688048497281 3
1 4 11 1 0.8239996196672806 4
1 4 11 2 0.8239996196672806 4
1 4 11 3 0.8239996196672806 4
1 4 12 1 0.8471584739797833 6
1 4 12 2 0.8471584739797833 6
1 4 12 3 0.8471584739797833 6
1 4 13 1 0.2628112224889917 7
1 4 13 2 0.2628112224889917 7
1 4 13 3 0.2628112224889917 7
1 4 14 1 0.011503838212761686 2
1 4 14 2 0.011503838212761686 2
1 4 14 3 0.011503838212761686 2
1 4 15 1 0.5233394171026946 3
1 4 15 2 0.5233394171026946 3
1 4 15 3 0.5233394171026946 3
1 4 16 1 0.11123441198692796 8
1 4 16 2 0.11123441198692796 8
1 4 16 3 0.11123441198692796 8
1 4 17 1 0.8076401596456251 4
1 4 17 2 0.8076401596456251 4
1 4 17 3 0.8076401596456251 4
1 4 18 1 0.7359479676642025 2
1 4 18 2 0.7359479676642025 2
1 4 18 3 0.7359479676642025 2
1 5 1 1 0.8828869519518121 3
1 5 1 2 0.8828869519518121 3
1 5 1 3 0.8828869519518121 3
1 5 2 1 0.8052236007462797 1
1 5 2 2 0.8052236007462797 1
1 5 2 3 0.8052236007462797 1
1 5 3 1 0.3593696690373118 9
1 5 3 2 0.3593696690373118 9
1 5 3 3 0.3593696690373118 9
1 5 4 1 0.1410595420208829 8
1 5 4 2 0.1410595420208829 8
1 5 4 3 0.1410595420208829 8
1 5 5 1 0.4768516415074955 4
1 5 5 2 0.4768516415074955 4
1 5 5 3 0.4768516415074955 4
1 5 6 1 0.5594612298524583 2
1 5 6 2 0.5594612298524583 2
1 5 6 3 0.5594612298524583 2
1 5 7 1 0.17519068143355565 7
1 5 7 2 0.17519068143355565 7
1 5 7 3 0.17519068143355565 7
1 5 8 1 0.7886936446011347 3
1 5 8 2 0.7886936446011347 3
1 5 8 3 0.7886936446011347 3
1 5 9 1 0.07827581759315294 5
1 5 9 2 0.07827581759315294 5
1 5 9 3 0.07827581759315294 5
1 5 10 1 0.712554608985173 4
1 5 10 2 0.712554608985173 4
1 5 10 3 0.712554608985173 4
1 5 11 1 0.6935308590250643 8
1 5 11 2 0.6935308590250643 8
1 5 11 3 0.6935308590250643 8
1 5 12 1 0.7160195778243698 7
1 5 12 2 0.7160195778243698 7
1 5 12 3 0.7160195778243698 7
1 5 13 1 0.7441124059364189 8
1 5 13 2 0.7441124059364189 8
1 5 13 3 0.7441124059364189 8
1 5 14 1 0.6518218650268355 9
1 5 14 2 0.6518218650268355 9
1 5 14 3 0.6518218650268355 9
1 5 15 1 0.9222309088040196 3
1 5 15 2 0.9222309088040196 3
1 5 15 3 0.9222309088040196 3
1 5 16 1 0.4786678502819226 10
1 5 16 2 0.4786678502819226 10
1 5 16 3 0.4786678502819226 10
1 5 17 1 0.6438992030159414 6
1 5 17 2 0.6438992030159414 6
1 5 17 3 0.6438992030159414 6
1 5 18 1 0.6278567095950608 10
1 5 18 2 0.6278567095950608 10
1 5 18 3 0.6278567095950608 10
1 6 1 1 0.25436071484826395 8
1 6 1 2 0.25436071484826395 8
1 6 1 3 0.25436071484826395 8
1 6 2 1 0.9769146538923316 1
1 6 2 2 0.9769146538923316 1
1 6 2 3 0.9769146538923316 1
1 6 3 1 0.6749087477687287 3
1 6 3 2 0.6749087477687287 3
1 6 3 3 0.6749087477687287 3
1 6 4 1 0.248917857147679 9
1 6 4 2 0.248917857147679 9
1 6 4 3 0.248917857147679 9
1 6 5 1 0.6587132687246176 8
1 6 5 2 0.6587132687246176 8
1 6 5 3 0.6587132687246176 8
1 6 6 1 0.6031388792344153 5
1 6 6 2 0.6031388792344153 5
1 6 6 3 0.6031388792344153 5
1 6 7 1 0.030104162292061143 1
1 6 7 2 0.030104162292061143 1
1 6 7 3 0.030104162292061143 1
1 6 8 1 0.3224830637368955 1
1 6 8 2 0.3224830637368955 1
1 6 8 3 0.3224830637368955 1
1 6 9 1 0.6622309136921669 3
1 6 9 2 0.6622309136921669 3
1 6 9 3 0.6622309136921669 3
1 6 10 1 0.14600608092098977 1
1 6 10 2 0.14600608092098977 1
1 6 10 3 0.14600608092098977 1
1 6 11 1 0.7088590612611627 1
1 6 11 2 0.7088590612611627 1
1 6 11 3 0.7088590612611627 1
1 6 12 1 0.048866117270054854 6
1 6 12 2 0.048866117270054854 6
1 6 12 3 0.048866117270054854 6
1 6 13 1 0.26279308369676335 4
1 6 13 2 0.26279308369676335 4
1 6 13 3 0.26279308369676335 4
1 6 14 1 0.031949991833639 7
1 6 14 2 0.031949991833639 7
1 6 14 3 0.031949991833639 7
1 6 15 1 0.5926495147212414 8
1 6 15 2 0.5926495147212414 8
1 6 15 3 0.5926495147212414 8
1 6 16 1 0.14286257135403435 7
1 6 16 2 0.14286257135403435 7
1 6 16 3 0.14286257135403435 7
1 6 17 1 0.768973765996522 5
1 6 17 2 0.768973765996522 5
1 6 17 3 0.768973765996522 5
1 6 18 1 0.27269156230886704 4
1 6 18 2 0.27269156230886704 4
1 6 18 3 0.27269156230886704 4
1 7 1 1 0.2113154988368292 1
1 7 1 2 0.2113154988368292 1
1 7 1 3 0.2113154988368292 1
1 7 2 1 0.813633236919131 1
1 7 2 2 0.813633236919131 1
1 7 2 3 0.813633236919131 1
1 7 3 1 0.8799668155004532 9
1 7 3 2 0.8799668155004532 9
1 7 3 3 0.8799668155004532 9
1 7 4 1 0.024828977994423407 8
1 7 4 2 0.024828977994423407 8
1 7 4 3 0.024828977994423407 8
1 7 5 1 0.9893608101403217 9
1 7 5 2 0.9893608101403217 9
1 7 5 3 0.9893608101403217 9
1 7 6 1 0.19093755945315416 1
1 7 6 2 0.19093755945315416 1
1 7 6 3 0.19093755945315416 1
1 7 7 1 0.14419322187635752 9
1 7 7 2 0.14419322187635752 9
1 7 7 3 0.14419322187635752 9
1 7 8 1 0.6274483195523325 5
1 7 8 2 0.6274483195523325 5
1 7 8 3 0.6274483195523325 5
1 7 9 1 0.6673683866541682 8
1 7 9 2 0.6673683866541682 8
1 7 9 3 0.6673683866541682 8
1 7 10 1 0.2603890094239423 9
1 7 10 2 0.2603890094239423 9
1 7 10 3 0.2603890094239423 9
1 7 11 1 0.7466127433624175 3
1 7 11 2 0.7466127433624175 3
1 7 11 3 0.7466127433624175 3
1 7 12 1 0.44729963645270276 8
1 7 12 2 0.44729963645270276 8
1 7 12 3 0.44729963645270276 8
1 7 13 1 0.596693645303385 7
1 7 13 2 0.596693645303385 7
1 7 13 3 0.596693645303385 7
1 7 14 1 0.8389610171357964 4
1 7 14 2 0.8389610171357964 4
1 7 14 3 0.8389610171357964 4
1 7 15 1 0.45435384280561175 8
1 7 15 2 0.45435384280561175 8
1 7 15 3 0.45435384280561175 8
1 7 16 1 0.07093876761201978 7
1 7 16 2 0.07093876761201978 7
1 7 16 3 0.07093876761201978 7
1 7 17 1 0.15608091028336812 8
1 7 17 2 0.15608091028336812 8
1 7 17 3 0.15608091028336812 8
1 7 18 1 0.1518490655627105 6
1 7 18 2 0.1518490655627105 6
1 7 18 3 0.1518490655627105 6
1 8 1 1 0.47162973684857534 9
1 8 1 2 0.47162973684857534 9
1 8 1 3 0.47162973684857534 9
1 8 2 1 0.6114907671012506 1
1 8 2 2 0.6114907671012506 1
1 8 2 3 0.6114907671012506 1
1 8 3 1 0.236955525757801 1
1 8 3 2 0.236955525757801 1
1 8 3 3 0.236955525757801 1
1 8 4 1 0.015743611130970003 7
1 8 4 2 0.015743611130970003 7
1 8 4 3 0.015743611130970003 7
1 8 5 1 0.5711731429197436 2
1 8 5 2 0.5711731429197436 2
1 8 5 3 0.5711731429197436 2
1 8 6 1 0.5320653092107466 7
1 8 6 2 0.5320653092107466 7
1 8 6 3 0.5320653092107466 7
1 8 7 1 0.008671411683641272 4
1 8 7 2 0.008671411683641272 4
1 8 7 3 0.008671411683641272 4
1 8 8 1 0.9489241367853837 7
1 8 8 2 0.9489241367853837 7
1 8 8 3 0.9489241367853837 7
1 8 9 1 0.13142275518359758 1
1 8 9 2 0.13142275518359758 1
1 8 9 3 0.13142275518359758 1
1 8 10 1 0.17353572006214601 1
1 8 10 2 0.17353572006214601 1
1 8 10 3 0.17353572006214601 1
1 8 11 1 0.0630187283795316 9
1 8 11 2 0.0630187283795316 9
1 8 11 3 0.0630187283795316 9
1 8 12 1 0.3943712273305685 9
1 8 12 2 0.3943712273305685 9
1 8 12 3 0.3943712273305685 9
1 8 13 1 0.47144659574263115 4
1 8 13 2 0.47144659574263115 4
1 8 13 3 0.47144659574263115 4
1 8 14 1 0.25260488267119663 7
1 8 14 2 0.25260488267119663 7
1 8 14 3 0.25260488267119663 7
1 8 15 1 0.03315236085261897 10
1 8 15 2 0.03315236085261897 10
1 8 15 3 0.03315236085261897 10
1 8 16 1 0.9788395494249894 7
1 8 16 2 0.9788395494249894 7
1 8 16 3 0.9788395494249894 7
1 8 17 1 0.13209556189873217 5
1 8 17 2 0.13209556189873217 5
1 8 17 3 0.13209556189873217 5
1 8 18 1 0.15200265014066172 4
1 8 18 2 0.15200265014066172 4
1 8 18 3 0.15200265014066172 4
1 9 1 1 0.5401291765220347 10
1 9 1 2 0.5401291765220347 10
1 9 1 3 0.5401291765220347 10
1 9 2 1 0.3020485480412264 1
1 9 2 2 0.3020485480412264 1
1 9 2 3 0.3020485480412264 1
1 9 3 1 0.6143557332505122 2
1 9 3 2 0.6143557332505122 2
1 9 3 3 0.6143557332505122 2
1 9 4 1 0.10098393029232455 5
1 9 4 2 0.10098393029232455 5
1 9 4 3 0.10098393029232455 5
1 9 5 1 0.736758797339078 1
1 9 5 2 0.736758797339078 1
1 9 5 3 0.736758797339078 1
1 9 6 1 0.5914841448586503 2
1 9 6 2 0.5914841448586503 2
1 9 6 3 0.5914841448586503 2
1 9 7 1 0.005151869059832892 9
1 9 7 2 0.005151869059832892 9
1 9 7 3 0.005151869059832892 9
1 9 8 1 0.3450664065915089 8
1 9 8 2 0.3450664065915089 8
1 9 8 3 0.3450664065915089 8
1 9 9 1 0.8380910357734102 10
1 9 9 2 0.8380910357734102 10
1 9 9 3 0.8380910357734102 10
1 9 10 1 0.8608016587382284 9
1 9 10 2 0.8608016587382284 9
1 9 10 3 0.8608016587382284 9
1 9 11 1 0.7736305840641311 3
1 9 11 2 0.7736305840641311 3
1 9 11 3 0.7736305840641311 3
1 9 12 1 0.04665971925982171 6
1 9 12 2 0.04665971925982171 6
1 9 12 3 0.04665971925982171 6
1 9 13 1 0.6308622644337082 7
1 9 13 2 0.6308622644337082 7
1 9 13 3 0.6308622644337082 7
1 9 14 1 0.6513999910088336 7
1 9 14 2 0.6513999910088336 7
1 9 14 3 0.6513999910088336 7
1 9 15 1 0.12664219232884033 5
1 9 15 2 0.12664219232884033 5
1 9 15 3 0.12664219232884033 5
1 9 16 1 0.9322920227447478 9
1 9 16 2 0.9322920227447478 9
1 9 16 3 0.9322920227447478 9
1 9 17 1 0.026886424482410853 5
1 9 17 2 0.026886424482410853 5
1 9 17 3 0.026886424482410853 5
1 9 18 1 0.6331006248358882 2
1 9 18 2 0.6331006248358882 2
1 9 18 3 0.6331006248358882 2
1 10 1 1 0.4110945775049597 5
1 10 1 2 0.4110945775049597 5
1 10 1 3 0.4110945775049597 5
1 10 2 1 0.6583623217876217 6
1 10 2 2 0.6583623217876217 6
1 10 2 3 0.6583623217876217 6
1 10 3 1 0.34397220077229707 2
1 10 3 2 0.34397220077229707 2
1 10 3 3 0.34397220077229707 2
1 10 4 1 0.9018370867919612 8
1 10 4 2 0.9018370867919612 8
1 10 4 3 0.9018370867919612 8
1 10 5 1 0.176744268376671 2
1 10 5 2 0.176744268376671 2
1 10 5 3 0.176744268376671 2
1 10 6 1 0.8438110037859857 1
1 10 6 2 0.8438110037859857 1
1 10 6 3 0.8438110037859857 1
1 10 7 1 0.7183608576202131 9
1 10 7 2 0.7183608576202131 9
1 10 7 3 0.7183608576202131 9
1 10 8 1 0.2441901881835613 8
1 10 8 2 0.2441901881835613 8
1 10 8 3 0.2441901881835613 8
1 10 9 1 0.38646109870948486 1
1 10 9 2 0.38646109870948486 1
1 10 9 3 0.38646109870948486 1
1 10 10 1 0.06781733809729673 2
1 10 10 2 0.06781733809729673 2
1 10 10 3 0.06781733809729673 2
1 10 11 1 0.6992123100380147 9
1 10 11 2 0.6992123100380147 9
1 10 11 3 0.6992123100380147 9
1 10 12 1 0.5052216872182261 6
1 10 12 2 0.5052216872182261 6
1 10 12 3 0.5052216872182261 6
1 10 13 1 0.6045155562265768 10
1 10 13 2 0.6045155562265768 10
1 10 13 3 0.6045155562265768 10
1 10 14 1 0.42015745412082983 2
1 10 14 2 0.42015745412082983 2
1 10 14 3 0.42015745412082983 2
1 10 15 1 0.8350035377631769 5
1 10 15 2 0.8350035377631769 5
1 10 15 3 0.8350035377631769 5
1 10 16 1 0.48561322735836054 9
1 10 16 2 0.48561322735836054 9
1 10 16 3 0.48561322735836054 9
1 10 17 1 0.5381459708321932 8
1 10 17 2 0.5381459708321932 8
1 10 17 3 0.5381459708321932 8
1 10 18 1 0.11861855110033281 6
1 10 18 2 0.11861855110033281 6
1 10 18 3 0.11861855110033281 6
1 11 1 1 0.40657300560765197 7
1 11 1 2 0.40657300560765197 7
1 11 1 3 0.40657300560765197 7
1 11 2 1 0.4517540750248574 7
1 11 2 2 0.4517540750248574 7
1 11 2 3 0.4517540750248574 7
1 11 3 1 0.2919968706925248 5
1 11 3 2 0.2919968706925248 5
1 11 3 3 0.2919968706925248 5
1 11 4 1 0.8558849008710707 6
1 11 4 2 0.8558849008710707 6
1 11 4 3 0.8558849008710707 6
1 11 5 1 0.6890023864626259 6
1 11 5 2 0.6890023864626259 6
1 11 5 3 0.6890023864626259 6
1 11 6 1 0.5499026237692464 1
1 11 6 2 0.5499026237692464 1
1 11 6 3 0.5499026237692464 1
1 11 7 1 0.4934494415462962 6
1 11 7 2 0.4934494415462962 6
1 11 7 3 0.4934494415462962 6
1 11 8 1 0.7007396028323641 6
1 11 8 2 0.7007396028323641 6
1 11 8 3 0.7007396028323641 6
1 11 9 1 0.9772919053753825 3
1 11 9 2 0.9772919053753825 3
1 11 9 3 0.9772919053753825 3
1 11 10 1 0.407214260404671 5
1 11 10 2 0.407214260404671 5
1 11 10 3 0.407214260404671 5
1 11 11 1 0.5088002836544004 5
1 11 11 2 0.5088002836544004 5
1 11 11 3 0.5088002836544004 5
1 11 12 1 0.5627593836616379 8
1 11 12 2 0.5627593836616379 8
1 11 12 3 0.5627593836616379 8
1 11 13 1 0.38743629116812417 3
1 11 13 2 0.38743629116812417 3
1 11 13 3 0.38743629116812417 3
1 11 14 1 0.6461157318541763 1
1 11 14 2 0.6461157318541763 1
1 11 14 3 0.6461157318541763 1
1 11 15 1 0.9342861631887138 8
1 11 15 2 0.9342861631887138 8
1 11 15 3 0.9342861631887138 8
1 11 16 1 0.32851537662529207 1
1 11 16 2 0.32851537662529207 1
1 11 16 3 0.32851537662529207 1
1 11 17 1 0.8522943752761273 6
1 11 17 2 0.8522943752761273 6
1 11 17 3 0.8522943752761273 6
1 11 18 1 0.9070855069916169 2
1 11 18 2 0.9070855069916169 2
1 11 18 3 0.9070855069916169 2
1 12 1 1 0.7024307307800182 4
1 12 1 2 0.7024307307800182 4
1 12 1 3 0.7024307307800182 4
1 12 2 1 0.9207197590922629 9
1 12 2 2 0.9207197590922629 9
1 12 2 3 0.9207197590922629 9
1 12 3 1 0.4204313064901247 8
1 12 3 2 0.4204313064901247 8
1 12 3 3 0.4204313064901247 8
1 12 4 1 0.2847188463880971 5
1 12 4 2 0.2847188463880971 5
1 12 4 3 0.2847188463880971 5
1 12 5 1 0.691235774901453 8
1 12 5 2 0.691235774901453 8
1 12 5 3 0.691235774901453 8
1 12 6 1 0.30542019819651334 1
1 12 6 2 0.30542019819651334 1
1 12 6 3 0.30542019819651334 1
1 12 7 1 0.7985192504571578 6
1 12 7 2 0.7985192504571578 6
1 12 7 3 0.7985192504571578 6
1 12 8 1 0.6782543391373769 2
1 12 8 2 0.6782543391373769 2
1 12 8 3 0.6782543391373769 2
1 12 9 1 0.7083973240983058 8
1 12 9 2 0.7083973240983058 8
1 12 9 3 0.7083973240983058 8
1 12 10 1 0.16323981285807 6
1 12 10 2 0.16323981285807 6
1 12 10 3 0.16323981285807 6
1 12 11 1 0.8109410101733526 4
1 12 11 2 0.8109410101733526 4
1 12 11 3 0.8109410101733526 4
1 12 12 1 0.8417999268547701 4
1 12 12 2 0.8417999268547701 4
1 12 12 3 0.8417999268547701 4
1 12 13 1 0.9254538252141005 9
1 12 13 2 0.9254538252141005 9
1 12 13 3 0.9254538252141005 9
1 12 14 1 0.7595275586143303 3
1 12 14 2 0.7595275586143303 3
1 12 14 3 0.7595275586143303 3
1 12 15 1 0.8544227330011951 1
1 12 15 2 0.8544227330011951 1
1 12 15 3 0.8544227330011951 1
1 12 16 1 0.27510272264059754 6
1 12 16 2 0.27510272264059754 6
1 12 16 3 0.27510272264059754 6
1 12 17 1 0.6529442431119697 5
1 12 17 2 0.6529442431119697 5
1 12 17 3 0.6529442431119697 5
1 12 18 1 0.7714961771398272 6
1 12 18 2 0.7714961771398272 6
1 12 18 3 0.7714961771398272 6
2 1 1 1 0.21195951710295824 6
2 1 1 2 0.21195951710295824 6
2 1 1 3 0.21195951710295824 6
2 1 2 1 0.19756562886924323 9
2 1 2 2 0.19756562886924323 9
2 1 2 3 0.19756562886924323 9
2 1 3 1 0.48542514166136996 6
2 1 3 2 0.48542514166136996 6
2 1 3 3 0.48542514166136996 6
2 1 4 1 0.4346170423949033 10
2 1 4 2 0.4346170423949033 10
2 1 4 3 0.4346170423949033 10
2 1 5 1 0.5615551039982097 3
2 1 5 2 0.5615551039982097 3
2 1 5 3 0.5615551039982097 3
2 1 6 1 0.9698551071437433 7
2 1 6 2 0.9698551071437433 7
2 1 6 3 0.9698551071437433 7
2 1 7 1 0.8617307477150047 5
2 1 7 2 0.8617307477150047 5
2 1 7 3 0.8617307477150047 5
2 1 8 1 0.35943158168553824 2
2 1 8 2 0.35943158168553824 2
2 1 8 3 0.35943158168553824 2
2 1 9 1 0.9455696620735179 1
2 1 9 2 0.9455696620735179 1
2 1 9 3 0.9455696620735179 1
2 1 10 1 0.04622428220704511 6
2 1 10 2 0.04622428220704511 6
2 1 10 3 0.04622428220704511 6
2 1 11 1 0.39930868171294254 7
2 1 11 2 0.39930868171294254 7
2 1 11 3 0.39930868171294254 7
2 1 12 1 0.3634327866503829 10
2 1 12 2 0.3634327866503829 10
2 1 12 3 0.3634327866503829 10
2 1 13 1 0.913141858605468 9
2 1 13 2 0.913141858605468 9
2 1 13 3 0.913141858605468 9
2 1 14 1 0.7608028669239267 5
2 1 14 2 0.7608028669239267 5
2 1 14 3 0.7608028669239267 5
2 1 15 1 0.824157245072397 10
2 1 15 2 0.824157245072397 10
2 1 15 3 0.824157245072397 10
2 1 16 1 0.3780394636401291 3
2 1 16 2 0.3780394636401291 3
2 1 16 3 0.3780394636401291 3
2 1 17 1 0.7695206830980748 9
2 1 17 2 0.7695206830980748 9
2 1 17 3 0.7695206830980748 9
2 1 18 1 0.7667315928047428 9
2 1 18 2 0.7667315928047428 9
2 1 18 3 0.7667315928047428 9
2 2 1 1 0.5952677727884174 3
2 2 1 2 0.5952677727884174 3
2 2 1 3 0.5952677727884174 3
2 2 2 1 0.050449887344342415 3
2 2 2 2 0.050449887344342415 3
2 2 2 3 0.050449887344342415 3
2 2 3 1 0.5942779698147882 9
2 2 3 2 0.5942779698147882 9
2 2 3 3 0.5942779698147882 9
2 2 4 1 0.8284907814294149 3
2 2 4 2 0.8284907814294149 3
2 2 4 3 0.8284907814294149 3
2 2 5 1 0.6083105066839049 10
2 2 5 2 0.6083105066839049 10
2 2 5 3 0.6083105066839049 10
2 2 6 1 0.7054225631849865 7
2 2 6 2 0.7054225631849865 7
2 2 6 3 0.7054225631849865 7
2 2 7 1 0.30995694733139534 4
2 2 7 2 0.30995694733139534 4
2 2 7 3 0.30995694733139534 4
2 2 8 1 0.3358046248127259 7
2 2 8 2 0.3358046248127259 7
2 2 8 3 0.3358046248127259 7
2 2 9 1 0.47674163640603673 10
2 2 9 2 0.47674163640603673 10
2 2 9 3 0.47674163640603673 10
2 2 10 1 0.5660633960280305 7
2 2 10 2 0.5660633960280305 7
2 2 10 3 0.5660633960280305 7
2 2 11 1 0.5449919415167469 1
2 2 11 2 0.5449919415167469 1
2 2 11 3 0.5449919415167469 1
2 2 12 1 0.17070633315280426 10
2 2 12 2 0.17070633315280426 10
2 2 12 3 0.17070633315280426 10
2 2 13 1 0.6038645612693638 4
2 2 13 2 0.6038645612693638 4
2 2 13 3 0.6038645612693638 4
2 2 14 1 0.8167314225774912 9
2 2 14 2 0.8167314225774912 9
2 2 14 3 0.8167314225774912 9
2 2 15 1 0.6881826273624986 7
2 2 15 2 0.6881826273624986 7
2 2 15 3 0.6881826273624986 7
2 2 16 1 0.07386790073914418 9
2 2 16 2 0.07386790073914418 9
2 2 16 3 0.07386790073914418 9
2 2 17 1 0.6880585453654148 8
2 2 17 2 0.6880585453654148 8
2 2 17 3 0.6880585453654148 8
2 2 18 1 0.4664877354669388 7
2 2 18 2 0.4664877354669388 7
2 2 18 3 0.4664877354669388 7
2 3 1 1 0.31657513520945557 6
2 3 1 2 0.31657513520945557 6
2 3 1 3 0.31657513520945557 6
2 3 2 1 0.04650623635194773 1
2 3 2 2 0.04650623635194773 1
2 3 2 3 0.04650623635194773 1
2 3 3 1 0.49202862118901713 8
2 3 3 2 0.49202862118901713 8
2 3 3 3 0.49202862118901713 8
2 3 4 1 0.9593381567301011 4
2 3 4 2 0.9593381567301011 4
2 3 4 3 0.9593381567301011 4
2 3 5 1 0.7117521751745581 7
2 3 5 2 0.7117521751745581 7
2 3 5 3 0.7117521751745581 7
2 3 6 1 0.7046477432766413 9
2 3 6 2 0.7046477432766413 9
2 3 6 3 0.7046477432766413 9
2 3 7 1 0.874135665359076 6
2 3 7 2 0.874135665359076 6
2 3 7 3 0.874135665359076 6
2 3 8 1 0.4911898714589008 7
2 3 8 2 0.4911898714589008 7
2 3 8 3 0.4911898714589008 7
2 3 9 1 0.35743449702620145 3
2 3 9 2 0.35743449702620145 3
2 3 9 3 0.35743449702620145 3
2 3 10 1 0.7833271528310157 9
2 3 10 2 0.7833271528310157 9
2 3 10 3 0.7833271528310157 9
2 3 11 1 0.9524159250933264 2
2 3 11 2 0.9524159250933264 2
2 3 11 3 0.9524159250933264 2
2 3 12 1 0.7982228666161575 8
2 3 12 2 0.7982228666161575 8
2 3 12 3 0.7982228666161575 8
2 3 13 1 0.47217910892882875 2
2 3 13 2 0.47217910892882875 2
2 3 13 3 0.47217910892882875 2
2 3 14 1 0.9997382924571315 7
2 3 14 2 0.9997382924571315 7
2 3 14 3 0.9997382924571315 7
2 3 15 1 0.39132604764312107 1
2 3 15 2 0.39132604764312107 1
2 3 15 3 0.39132604764312107 1
2 3 16 1 0.7976996666158144 7
2 3 16 2 0.7976996666158144 7
2 3 16 3 0.7976996666158144 7
2 3 17 1 0.5064714936497294 3
2 3 17 2 0.5064714936497294 3
2 3 17 3 0.5064714936497294 3
2 3 18 1 0.3653416195446182 4
2 3 18 2 0.3653416195446182 4
2 3 18 3 0.3653416195446182 4
2 4 1 1 0.2405575928867777 3
2 4 1 2 0.2405575928867777 3
2 4 1 3 0.2405575928867777 3
2 4 2 1 0.7167205825911607 8
2 4 2 2 0.7167205825911607 8
2 4 2 3 0.7167205825911607 8
2 4 3 1 0.15245829314648085 4
2 4 3 2 0.15245829314648085 4
2 4 3 3 0.15245829314648085 4
2 4 4 1 0.31431441583752384 9
2 4 4 2 0.31431441583752384 9
2 4 4 3 0.31431441583752384 9
2 4 5 1 0.4730201637727882 3
2 4 5 2 0.4730201637727882 3
2 4 5 3 0.4730201637727882 3
2 4 6 1 0.0937489705557768 1
2 4 6 2 0.0937489705557768 1
2 4 6 3 0.0937489705557768 1
2 4 7 1 0.35731976443359137 10
2 4 7 2 0.35731976443359137 10
2 4 7 3 0.35731976443359137 10
2 4 8 1 0.21896389839417718 9
2 4 8 2 0.21896389839417718 9
2 4 8 3 0.21896389839417718 9
2 4 9 1 0.009506080934835737 7
2 4 9 2 0.009506080934835737 7
2 4 9 3 0.009506080934835737 7
2 4 10 1 0.010918004772417333 10
2 4 10 2 0.010918004772417333 10
2 4 10 3 0.010918004772417333 10
2 4 11 1 0.620104641640645 2
2 4 11 2 0.620104641640645 2
2 4 11 3 0.620104641640645 2
2 4 12 1 0.5758439041905871 1
2 4 12 2 0.5758439041905871 1
2 4 12 3 0.5758439041905871 1
2 4 13 1 0.8211840328905544 9
2 4 13 2 0.8211840328905544 9
2 4 13 3 0.8211840328905544 9
2 4 14 1 0.16134164046762556 6
2 4 14 2 0.16134164046762556 6
2 4 14 3 0.16134164046762556 6
2 4 15 1 0.4682802329782053 3
2 4 15 2 0.4682802329782053 3
2 4 15 3 0.4682802329782053 3
2 4 16 1 0.3299464555075402 8
2 4 16 2 0.3299464555075402 8
2 4 16 3 0.3299464555075402 8
2 4 17 1 0.6108758971037755 2
2 4 17 2 0.6108758971037755 2
2 4 17 3 0.6108758971037755 2
2 4 18 1 0.3943299939451218 3
2 4 18 2 0.3943299939451218 3
2 4 18 3 0.3943299939451218 3
2 5 1 1 0.049896588606170744 2
2 5 1 2 0.049896588606170744 2
2 5 1 3 0.049896588606170744 2
2 5 2 1 0.10304144903372703 5
2 5 2 2 0.10304144903372703 5
2 5 2 3 0.10304144903372703 5
2 5 3 1 0.9002947279181015 9
2 5 3 2 0.9002947279181015 9
2 5 3 3 0.9002947279181015 9
2 5 4 1 0.2107019028108349 3
2 5 4 2 0.2107019028108349 3
2 5 4 3 0.2107019028108349 3
2 5 5 1 0.8989634728270531 4
2 5 5 2 0.8989634728270531 4
2 5 5 3 0.8989634728270531 4
2 5 6 1 0.1890344475064789 7
2 5 6 2 0.1890344475064789 7
2 5 6 3 0.1890344475064789 7
2 5 7 1 0.859631366655994 6
2 5 7 2 0.859631366655994 6
2 5 7 3 0.859631366655994 6
2 5 8 1 0.9532621785432921 9
2 5 8 2 0.9532621785432921 9
2 5 8 3 0.9532621785432921 9
2 5 9 1 0.9894607328374577 3
2 5 9 2 0.9894607328374577 3
2 5 9 3 0.9894607328374577 3
2 5 10 1 0.014473500901121872 2
2 5 10 2 0.014473500901121872 2
2 5 10 3 0.014473500901121872 2
2 5 11 1 0.8030102689660779 6
2 5 11 2 0.8030102689660779 6
2 5 11 3 0.8030102689660779 6
2 5 12 1 0.052781660118725315 1
2 5 12 2 0.052781660118725315 1
2 5 12 3 0.052781660118725315 1
2 5 13 1 0.5925426091445254 7
2 5 13 2 0.5925426091445254 7
2 5 13 3 0.5925426091445254 7
2 5 14 1 0.9297557910509642 9
2 5 14 2 0.9297557910509642 9
2 5 14 3 0.9297557910509642 9
2 5 15 1 0.12631554792101707 6
2 5 15 2 0.12631554792101707 6
2 5 15 3 0.12631554792101707 6
2 5 16 1 0.7577031096863686 4
2 5 16 2 0.7577031096863686 4
2 5 16 3 0.7577031096863686 4
2 5 17 1 0.7977246541740597 9
2 5 17 2 0.7977246541740597 9
2 5 17 3 0.7977246541740597 9
2 5 18 1 0.2697741254090418 8
2 5 18 2 0.2697741254090418 8
2 5 18 3 0.2697741254090418 8
2 6 1 1 0.20488207318596374 3
2 6 1 2 0.20488207318596374 3
2 6 1 3 0.20488207318596374 3
2 6 2 1 0.18845314812961866 5
2 6 2 2 0.18845314812961866 5
2 6 2 3 0.18845314812961866 5
2 6 3 1 0.16458392544226474 10
2 6 3 2 0.16458392544226474 10
2 6 3 3 0.16458392544226474 10
2 6 4 1 0.1141273360545807 2
2 6 4 2 0.1141273360545807 2
2 6 4 3 0.1141273360545807 2
2 6 5 1 0.6996656062268128 5
2 6 5 2 0.6996656062268128 5
2 6 5 3 0.6996656062268128 5
2 6 6 1 0.3924777547866817 10
2 6 6 2 0.3924777547866817 10
2 6 6 3 0.3924777547866817 10
2 6 7 1 0.3324945653227135 5
2 6 7 2 0.3324945653227135 5
2 6 7 3 0.3324945653227135 5
2 6 8 1 0.8781438253093857 3
2 6 8 2 0.8781438253093857 3
2 6 8 3 0.8781438253093857 3
2 6 9 1 0.03163612858695364 5
2 6 9 2 0.03163612858695364 5
2 6 9 3 0.03163612858695364 5
2 6 10 1 0.0165450722980518 10
2 6 10 2 0.0165450722980518 10
2 6 10 3 0.0165450722980518 10
2 6 11 1 0.9479308356743756 1
2 6 11 2 0.9479308356743756 1
2 6 11 3 0.9479308356743756 1
2 6 12 1 0.3143009421437003 8
2 6 12 2 0.3143009421437003 8
2 6 12 3 0.3143009421437003 8
2 6 13 1 0.3430395475398966 4
2 6 13 2 0.3430395475398966 4
2 6 13 3 0.3430395475398966 4
2 6 14 1 0.5244971627762216 1
2 6 14 2 0.5244971627762216 1
2 6 14 3 0.5244971627762216 1
2 6 15 1 0.7433131382308585 8
2 6 15 2 0.7433131382308585 8
2 6 15 3 0.7433131382308585 8
2 6 16 1 0.42978003701586187 10
2 6 16 2 0.42978003701586187 10
2 6 16 3 0.42978003701586187 10
2 6 17 1 0.3853613040581495 7
2 6 17 2 0.3853613040581495 7
2 6 17 3 0.3853613040581495 7
2 6 18 1 0.4960764640988421 8
2 6 18 2 0.4960764640988421 8
2 6 18 3 0.4960764640988421 8
2 7 1 1 0.3125242456386582 9
2 7 1 2 0.3125242456386582 9
2 7 1 3 0.3125242456386582 9
2 7 2 1 0.8169481026663661 10
2 7 2 2 0.8169481026663661 10
2 7 2 3 0.8169481026663661 10
2 7 3 1 0.8399388459723757 9
2 7 3 2 0.8399388459723757 9
2 7 3 3 0.8399388459723757 9
2 7 4 1 0.5389454532949208 10
2 7 4 2 0.5389454532949208 10
2 7 4 3 0.5389454532949208 10
2 7 5 1 0.8630288326309214 1
2 7 5 2 0.8630288326309214 1
2 7 5 3 0.8630288326309214 1
2 7 6 1 0.6166413396535192 1
2 7 6 2 0.6166413396535192 1
2 7 6 3 0.6166413396535192 1
2 7 7 1 0.047305912915022175 8
2 7 7 2 0.047305912915022175 8
2 7 7 3 0.047305912915022175 8
2 7 8 1 0.12547794922854982 2
2 7 8 2 0.12547794922854982 2
2 7 8 3 0.12547794922854982 2
2 7 9 1 0.09174654871563592 9
2 7 9 2 0.09174654871563592 9
2 7 9 3 0.09174654871563592 9
2 7 10 1 0.335142970372998 10
2 7 10 2 0.335142970372998 10
2 7 10 3 0.335142970372998 10
2 7 11 1 0.9629276541566489 2
2 7 11 2 0.9629276541566489 2
2 7 11 3 0.9629276541566489 2
2 7 12 1 0.18101012334322097 6
2 7 12 2 0.18101012334322097 6
2 7 12 3 0.18101012334322097 6
2 7 13 1 0.02904492600354791 1
2 7 13 2 0.02904492600354791 1
2 7 13 3 0.02904492600354791 1
2 7 14 1 0.40155328619912445 2
2 7 14 2 0.40155328619912445 2
2 7 14 3 0.40155328619912445 2
2 7 15 1 0.3411742484395891 8
2 7 15 2 0.3411742484395891 8
2 7 15 3 0.3411742484395891 8
2 7 16 1 0.7834407032999869 2
2 7 16 2 0.7834407032999869 2
2 7 16 3 0.7834407032999869 2
2 7 17 1 0.49404932286011016 7
2 7 17 2 0.49404932286011016 7
2 7 17 3 0.49404932286011016 7
2 7 18 1 0.8385744701285832 9
2 7 18 2 0.8385744701285832 9
2 7 18 3 0.8385744701285832 9
2 8 1 1 0.45790617375345577 10
2 8 1 2 0.45790617375345577 10
2 8 1 3 0.45790617375345577 10
2 8 2 1 0.4908469000075727 7
2 8 2 2 0.4908469000075727 7
2 8 2 3 0.4908469000075727 7
2 8 3 1 0.3836236442571913 3
2 8 3 2 0.3836236442571913 3
2 8 3 3 0.3836236442571913 3
2 8 4 1 0.24323007926257256 9
2 8 4 2 0.24323007926257256 9
2 8 4 3 0.24323007926257256 9
2 8 5 1 0.1743122644289068 4
2 8 5 2 0.1743122644289068 4
2 8 5 3 0.1743122644289068 4
2 8 6 1 0.10238230183741692 8
2 8 6 2 0.10238230183741692 8
2 8 6 3 0.10238230183741692 8
2 8 7 1 0.814583285435327 1
2 8 7 2 0.814583285435327 1
2 8 7 3 0.814583285435327 1
2 8 8 1 0.4755814174435268 5
2 8 8 2 0.4755814174435268 5
2 8 8 3 0.4755814174435268 5
2 8 9 1 0.49949316601607296 5
2 8 9 2 0.49949316601607296 5
2 8 9 3 0.49949316601607296 5
2 8 10 1 0.4270674798807603 9
2 8 10 2 0.4270674798807603 9
2 8 10 3 0.4270674798807603 9
2 8 11 1 0.042350426569421784 5
2 8 11 2 0.042350426569421784 5
2 8 11 3 0.042350426569421784 5
2 8 12 1 0.3454667956262998 8
2 8 12 2 0.3454667956262998 8
2 8 12 3 0.3454667956262998 8
2 8 13 1 0.9209587286200976 3
2 8 13 2 0.9209587286200976 3
2 8 13 3 0.9209587286200976 3
2 8 14 1 0.1368281197307094 4
2 8 14 2 0.1368281197307094 4
2 8 14 3 0.1368281197307094 4
2 8 15 1 0.4079238096745248 7
2 8 15 2 0.4079238096745248 7
2 8 15 3 0.4079238096745248 7
2 8 16 1 0.023701681092638704 4
2 8 16 2 0.023701681092638704 4
2 8 16 3 0.023701681092638704 4
2 8 17 1 0.8436082532565464 1
2 8 17 2 0.8436082532565464 1
2 8 17 3 0.8436082532565464 1
2 8 18 1 0.4966884386098185 1
2 8 18 2 0.4966884386098185 1
2 8 18 3 0.4966884386098185 1
2 9 1 1 0.04045181900294237 2
2 9 1 2 0.04045181900294237 2
2 9 1 3 0.04045181900294237 2
2 9 2 1 0.4591803461995335 7
2 9 2 2 0.4591803461995335 7
2 9 2 3 0.4591803461995335 7
2 9 3 1 0.03345005631001752 1
2 9 3 2 0.03345005631001752 1
2 9 3 3 0.03345005631001752 1
2 9 4 1 0.5457569918652988 3
2 9 4 2 0.5457569918652988 3
2 9 4 3 0.5457569918652988 3
2 9 5 1 0.20580486137673437 5
2 9 5 2 0.20580486137673437 5
2 9 5 3 0.20580486137673437 5
2 9 6 1 0.7432086485401757 8
2 9 6 2 0.7432086485401757 8
2 9 6 3 0.7432086485401757 8
2 9 7 1 0.21068999585847736 6
2 9 7 2 0.21068999585847736 6
2 9 7 3 0.21068999585847736 6
2 9 8 1 0.5714079068863508 2
2 9 8 2 0.5714079068863508 2
2 9 8 3 0.5714079068863508 2
2 9 9 1 0.4929437585875798 8
2 9 9 2 0.4929437585875798 8
2 9 9 3 0.4929437585875798 8
2 9 10 1 0.9443635915481843 8
2 9 10 2 0.9443635915481843 8
2 9 10 3 0.9443635915481843 8
2 9 11 1 0.5236152757868343 10
2 9 11 2 0.5236152757868343 10
2 9 11 3 0.5236152757868343 10
2 9 12 1 0.5572908689654925 5
2 9 12 2 0.5572908689654925 5
2 9 12 3 0.5572908689654925 5
2 9 13 1 0.12257762483239432 5
2 9 13 2 0.12257762483239432 5
2 9 13 3 0.12257762483239432 5
2 9 14 1 0.1955261560164726 4
2 9 14 2 0.1955261560164726 4
2 9 14 3 0.1955261560164726 4
2 9 15 1 0.421618651645872 7
2 9 15 2 0.421618651645872 7
2 9 15 3 0.421618651645872 7
2 9 16 1 0.052685229634773734 1
2 9 16 2 0.052685229634773734 1
2 9 16 3 0.052685229634773734 1
2 9 17 1 0.19031122743231543 7
2 9 17 2 0.19031122743231543 7
2 9 17 3 0.19031122743231543 7
2 9 18 1 0.8421962016844463 8
2 9 18 2 0.8421962016844463 8
2 9 18 3 0.8421962016844463 8
2 10 1 1 0.7332762772140586 9
2 10 1 2 0.7332762772140586 9
2 10 1 3 0.7332762772140586 9
2 10 2 1 0.07043410386992677 5
2 10 2 2 0.07043410386992677 5
2 10 2 3 0.07043410386992677 5
2 10 3 1 0.9391873728701301 1
2 10 3 2 0.9391873728701301 1
2 10 3 3 0.9391873728701301 1
2 10 4 1 0.7218521528363803 5
2 10 4 2 0.7218521528363803 5
2 10 4 3 0.7218521528363803 5
2 10 5 1 0.4750090278889856 8
2 10 5 2 0.4750090278889856 8
2 10 5 3 0.4750090278889856 8
2 10 6 1 0.6244770749058437 5
2 10 6 2 0.6244770749058437 5
2 10 6 3 0.6244770749058437 5
2 10 7 1 0.906074386760352 10
2 10 7 2 0.906074386760352 10
2 10 7 3 0.906074386760352 10
2 10 8 1 0.864492454675949 10
2 10 8 2 0.864492454675949 10
2 10 8 3 0.864492454675949 10
2 10 9 1 0.7231134143347954 9
2 10 9 2 0.7231134143347954 9
2 10 9 3 0.7231134143347954 9
2 10 10 1 0.0449760195401111 5
2 10 10 2 0.0449760195401111 5
2 10 10 3 0.0449760195401111 5
2 10 11 1 0.8762305046045178 1
2 10 11 2 0.8762305046045178 1
2 10 11 3 0.8762305046045178 1
2 10 12 1 0.36587927921765495 10
2 10 12 2 0.36587927921765495 10
2 10 12 3 0.36587927921765495 10
2 10 13 1 0.3105235503526935 10
2 10 13 2 0.3105235503526935 10
2 10 13 3 0.3105235503526935 10
2 10 14 1 0.06075146029870593 8
2 10 14 2 0.06075146029870593 8
2 10 14 3 0.06075146029870593 8
2 10 15 1 0.576926581681391 1
2 10 15 2 0.576926581681391 1
2 10 15 3 0.576926581681391 1
2 10 16 1 0.04031360761167746 7
2 10 16 2 0.04031360761167746 7
2 10 16 3 0.04031360761167746 7
2 10 17 1 0.7404368590577844 5
2 10 17 2 0.7404368590577844 5
2 10 17 3 0.7404368590577844 5
2 10 18 1 0.2949379121866358 6
2 10 18 2 0.2949379121866358 6
2 10 18 3 0.2949379121866358 6
2 11 1 1 0.026163250335595523 6
2 11 1 2 0.026163250335595523 6
2 11 1 3 0.026163250335595523 6
2 11 2 1 0.7652113278205113 6
2 11 2 2 0.7652113278205113 6
2 11 2 3 0.7652113278205113 6
2 11 3 1 0.3750157775069518 6
2 11 3 2 0.3750157775069518 6
2 11 3 3 0.3750157775069518 6
2 11 4 1 0.036071210864442094 3
2 11 4 2 0.036071210864442094 3
2 11 4 3 0.036071210864442094 3
2 11 5 1 0.9192796798121458 10
2 11 5 2 0.9192796798121458 10
2 11 5 3 0.9192796798121458 10
2 11 6 1 0.9483797951628264 7
2 11 6 2 0.9483797951628264 7
2 11 6 3 0.9483797951628264 7
2 11 7 1 0.22642802990099942 10
2 11 7 2 0.22642802990099942 10
2 11 7 3 0.22642802990099942 10
2 11 8 1 0.44967086328861394 8
2 11 8 2 0.44967086328861394 8
2 11 8 3 0.44967086328861394 8
2 11 9 1 0.22869093521065242 1
2 11 9 2 0.22869093521065242 1
2 11 9 3 0.22869093521065242 1
2 11 10 1 0.8301206156329222 4
2 11 10 2 0.8301206156329222 4
2 11 10 3 0.8301206156329222 4
2 11 11 1 0.7899998596664611 2
2 11 11 2 0.7899998596664611 2
2 11 11 3 0.7899998596664611 2
2 11 12 1 0.5754731820272844 3
2 11 12 2 0.5754731820272844 3
2 11 12 3 0.5754731820272844 3
2 11 13 1 0.8054899303298336 4
2 11 13 2 0.8054899303298336 4
2 11 13 3 0.8054899303298336 4
2 11 14 1 0.539793546061669 5
2 11 14 2 0.539793546061669 5
2 11 14 3 0.539793546061669 5
2 11 15 1 0.33070884408608314 4
2 11 15 2 0.33070884408608314 4
2 11 15 3 0.33070884408608314 4
2 11 16 1 0.5468485241624487 4
2 11 16 2 0.5468485241624487 4
2 11 16 3 0.5468485241624487 4
2 11 17 1 0.5698738367065291 9
2 11 17 2 0.5698738367065291 9
2 11 17 3 0.5698738367065291 9
2 11 18 1 0.03557182608823595 7
2 11 18 2 0.03557182608823595 7
2 11 18 3 0.03557182608823595 7
2 12 1 1 0.6787185278696914 10
2 12 1 2 0.6787185278696914 10
2 12 1 3 0.6787185278696914 10
2 12 2 1 0.03689738647363361 10
2 12 2 2 0.03689738647363361 10
2 12 2 3 0.03689738647363361 10
2 12 3 1 0.741086386115504 5
2 12 3 2 0.741086386115504 5
2 12 3 3 0.741086386115504 5
2 12 4 1 0.30887205409810237 10
2 12 4 2 0.30887205409810237 10
2 12 4 3 0.30887205409810237 10
2 12 5 1 0.7352947928790992 3
2 12 5 2 0.7352947928790992 3
2 12 5 3 0.7352947928790992 3
2 12 6 1 0.6264549621657053 4
2 12 6 2 0.6264549621657053 4
2 12 6 3 0.6264549621657053 4
2 12 7 1 0.4469739513729786 4
2 12 7 2 0.4469739513729786 4
2 12 7 3 0.4469739513729786 4
2 12 8 1 0.038512078256141224 6
2 12 8 2 0.038512078256141224 6
2 12 8 3 0.038512078256141224 6
2 12 9 1 0.33375492268216556 1
2 12 9 2 0.33375492268216556 1
2 12 9 3 0.33375492268216556 1
2 12 10 1 0.8916460505510859 5
2 12 10 2 0.8916460505510859 5
2 12 10 3 0.8916460505510859 5
2 12 11 1 0.7732883518080882 9
2 12 11 2 0.7732883518080882 9
2 12 11 3 0.7732883518080882 9
2 12 12 1 0.3098837974874671 6
2 12 12 2 0.3098837974874671 6
2 12 12 3 0.3098837974874671 6
2 12 13 1 0.21000069845334668 9
2 12 13 2 0.21000069845334668 9
2 12 13 3 0.21000069845334668 9
2 12 14 1 0.6928521184053449 3
2 12 14 2 0.6928521184053449 3
2 12 14 3 0.6928521184053449 3
2 12 15 1 0.4742271252546193 4
2 12 15 2 0.4742271252546193 4
2 12 15 3 0.4742271252546193 4
2 12 16 1 0.5301674879899259 4
2 12 16 2 0.5301674879899259 4
2 12 16 3 0.5301674879899259 4
2 12 17 1 0.2391381683909377 2
2 12 17 2 0.2391381683909377 2
2 12 17 3 0.2391381683909377 2
2 12 18 1 0.9342635299988231 7
2 12 18 2 0.9342635299988231 7
2 12 18 3 0.9342635299988231 7
3 1 1 1 0.7348509918040362 2
3 1 1 2 0.7348509918040362 2
3 1 1 3 0.7348509918040362 2
3 1 2 1 0.333690258608742 3
3 1 2 2 0.333690258608742 3
3 1 2 3 0.333690258608742 3
3 1 3 1 0.1680320134729426 9
3 1 3 2 0.1680320134729426 9
3 1 3 3 0.1680320134729426 9
3 1 4 1 0.5056388220493118 5
3 1 4 2 0.5056388220493118 5
3 1 4 3 0.5056388220493118 5
3 1 5 1 0.9874640877958815 4
3 1 5 2 0.9874640877958815 4
3 1 5 3 0.9874640877958815 4
3 1 6 1 0.00659811957571621 10
3 1 6 2 0.00659811957571621 10
3 1 6 3 0.00659811957571621 10
3 1 7 1 0.9133349867914068 1
3 1 7 2 0.9133349867914068 1
3 1 7 3 0.9133349867914068 1
3 1 8 1 0.1973831639793453 4
3 1 8 2 0.1973831639793453 4
3 1 8 3 0.1973831639793453 4
3 1 9 1 0.8190243710822188 1
3 1 9 2 0.8190243710822188 1
3 1 9 3 0.8190243710822188 1
3 1 10 1 0.29413864426907976 9
3 1 10 2 0.29413864426907976 9
3 1 10 3 0.29413864426907976 9
3 1 11 1 0.4663015519306145 6
3 1 11 2 0.4663015519306145 6
3 1 11 3 0.4663015519306145 6
3 1 12 1 0.09042117774233749 5
3 1 12 2 0.09042117774233749 5
3 1 12 3 0.09042117774233749 5
3 1 13 1 0.5829204171644032 10
3 1 13 2 0.5829204171644032 10
3 1 13 3 0.5829204171644032 10
3 1 14 1 0.8411919356070258 1
3 1 14 2 0.8411919356070258 1
3 1 14 3 0.8411919356070258 1
3 1 15 1 0.7502764711102972 5
3 1 15 2 0.7502764711102972 5
3 1 15 3 0.7502764711102972 5
3 1 16 1 0.8665828443951713 1
3 1 16 2 0.8665828443951713 1
3 1 16 3 0.8665828443951713 1
3 1 17 1 0.5818526538424221 9
3 1 17 2 0.5818526538424221 9
3 1 17 3 0.5818526538424221 9
3 1 18 1 0.0563194462263753 4
3 1 18 2 0.0563194462263753 4
3 1 18 3 0.0563194462263753 4
3 2 1 1 0.8922900360868691 9
3 2 1 2 0.8922900360868691 9
3 2 1 3 0.8922900360868691 9
3 2 2 1 0.04456537388030102 10
3 2 2 2 0.04456537388030102 10
3 2 2 3 0.04456537388030102 10
3 2 3 1 0.5317687674632815 3
3 2 3 2 0.5317687674632815 3
3 2 3 3 0.5317687674632815 3
3 2 4 1 0.17642721129803152 5
3 2 4 2 0.17642721129803152 5
3 2 4 3 0.17642721129803152 5
3 2 5 1 0.9298377146799078 6
3 2 5 2 0.9298377146799078 6
3 2 5 3 0.9298377146799078 6
3 2 6 1 0.4716884631264896 6
3 2 6 2 0.4716884631264896 6
3 2 6 3 0.4716884631264896 6
3 2 7 1 0.9010786998445152 10
3 2 7 2 0.9010786998445152 10
3 2 7 3 0.9010786998445152 10
3 2 8 1 0.44177699929863135 7
3 2 8 2 0.44177699929863135 7
3 2 8 3 0.44177699929863135 7
3 2 9 1 0.6835492268945547 9
3 2 9 2 0.6835492268945547 9
3 2 9 3 0.6835492268945547 9
3 2 10 1 0.008930131890605986 9
3 2 10 2 0.008930131890605986 9
3 2 10 3 0.008930131890605986 9
3 2 11 1 0.8585803426861409 10
3 2 11 2 0.8585803426861409 10
3 2 11 3 0.8585803426861409 10
3 2 12 1 0.8657854592112537 8
3 2 12 2 0.8657854592112537 8
3 2 12 3 0.8657854592112537 8
3 2 13 1 0.36374867226493635 7
3 2 13 2 0.36374867226493635 7
3 2 13 3 0.36374867226493635 7
3 2 14 1 0.8162341086790355 7
3 2 14 2 0.8162341086790355 7
3 2 14 3 0.8162341086790355 7
3 2 15 1 0.12063035703318392 6
3 2 15 2 0.12063035703318392 6
3 2 15 3 0.12063035703318392 6
3 2 16 1 0.6368136626138124 4
3 2 16 2 0.6368136626138124 4
3 2 16 3 0.6368136626138124 4
3 2 17 1 0.6185312694946726 8
3 2 17 2 0.6185312694946726 8
3 2 17 3 0.6185312694946726 8
3 2 18 1 0.10888992630125283 3
3 2 18 2 0.10888992630125283 3
3 2 18 3 0.10888992630125283 3
3 3 1 1 0.2895289296874941 2
3 3 1 2 0.2895289296874941 2
3 3 1 3 0.2895289296874941 2
3 3 2 1 0.9353130832136957 10
3 3 2 2 0.9353130832136957 10
3 3 2 3 0.9353130832136957 10
3 3 3 1 0.43588296006684224 2
3 3 3 2 0.43588296006684224 2
3 3 3 3 0.43588296006684224 2
3 3 4 1 0.9482412644497026 3
3 3 4 2 0.9482412644497026 3
3 3 4 3 0.9482412644497026 3
3 3 5 1 0.1105634546054407 6
3 3 5 2 0.1105634546054407 6
3 3 5 3 0.1105634546054407 6
3 3 6 1 0.9392417202090569 10
3 3 6 2 0.9392417202090569 10
3 3 6 3 0.9392417202090569 10
3 3 7 1 0.5475833950970299 9
3 3 7 2 0.5475833950970299 9
3 3 7 3 0.5475833950970299 9
3 3 8 1 0.7039708111261876 6
3 3 8 2 0.7039708111261876 6
3 3 8 3 0.7039708111261876 6
3 3 9 1 0.8549975626804293 6
3 3 9 2 0.8549975626804293 6
3 3 9 3 0.8549975626804293 6
3 3 10 1 0.04679292314146277 6
3 3 10 2 0.04679292314146277 6
3 3 10 3 0.04679292314146277 6
3 3 11 1 0.23071930249518113 7
3 3 11 2 0.23071930249518113 7
3 3 11 3 0.23071930249518113 7
3 3 12 1 0.16571300097539454 4
3 3 12 2 0.16571300097539454 4
3 3 12 3 0.16571300097539454 4
3 3 13 1 0.019402043873188557 9
3 3 13 2 0.019402043873188557 9
3 3 13 3 0.019402043873188557 9
3 3 14 1 0.3405051558210572 10
3 3 14 2 0.3405051558210572 10
3 3 14 3 0.3405051558210572 10
3 3 15 1 0.7282927392223062 7
3 3 15 2 0.7282927392223062 7
3 3 15 3 0.7282927392223062 7
3 3 16 1 0.1753128164440586 3
3 3 16 2 0.1753128164440586 3
3 3 16 3 0.1753128164440586 3
3 3 17 1 0.8233106583377485 6
3 3 17 2 0.8233106583377485 6
3 3 17 3 0.8233106583377485 6
3 3 18 1 0.9119122409920114 7
3 3 18 2 0.9119122409920114 7
3 3 18 3 0.9119122409920114 7
3 4 1 1 0.7015895206974926 9
3 4 1 2 0.7015895206974926 9
3 4 1 3 0.7015895206974926 9
3 4 2 1 0.8532469959423046 1
3 4 2 2 0.8532469959423046 1
3 4 2 3 0.8532469959423046 1
3 4 3 1 0.969569578442796 8
3 4 3 2 0.969569578442796 8
3 4 3 3 0.969569578442796 8
3 4 4 1 0.48229013311041513 2
3 4 4 2 0.48229013311041513 2
3 4 4 3 0.48229013311041513 2
3 4 5 1 0.14519377394402322 9
3 4 5 2 0.14519377394402322 9
3 4 5 3 0.14519377394402322 9
3 4 6 1 0.9841223610336444 3
3 4 6 2 0.9841223610336444 3
3 4 6 3 0.9841223610336444 3
3 4 7 1 0.2788651656229998 6
3 4 7 2 0.2788651656229998 6
3 4 7 3 0.2788651656229998 6
3 4 8 1 0.10970704201807491 7
3 4 8 2 0.10970704201807491 7
3 4 8 3 0.10970704201807491 7
3 4 9 1 0.1337976432363015 4
3 4 9 2 0.1337976432363015 4
3 4 9 3 0.1337976432363015 4
3 4 10 1 0.1795306138260816 6
3 4 10 2 0.1795306138260816 6
3 4 10 3 0.1795306138260816 6
3 4 11 1 0.7020414050312682 1
3 4 11 2 0.7020414050312682 1
3 4 11 3 0.7020414050312682 1
3 4 12 1 0.004522178678385891 6
3 4 12 2 0.004522178678385891 6
3 4 12 3 0.004522178678385891 6
3 4 13 1 0.9479364287914425 4
3 4 13 2 0.9479364287914425 4
3 4 13 3 0.9479364287914425 4
3 4 14 1 0.7600384438946398 1
3 4 14 2 0.7600384438946398 1
3 4 14 3 0.7600384438946398 1
3 4 15 1 0.4939932784079222 8
3 4 15 2 0.4939932784079222 8
3 4 15 3 0.4939932784079222 8
3 4 16 1 0.7337293555607629 9
3 4 16 2 0.7337293555607629 9
3 4 16 3 0.7337293555607629 9
3 4 17 1 0.5973576099982377 1
3 4 17 2 0.5973576099982377 1
3 4 17 3 0.5973576099982377 1
3 4 18 1 0.0594423735701789 8
3 4 18 2 0.0594423735701789 8
3 4 18 3 0.0594423735701789 8
3 5 1 1 0.5756577952500239 8
3 5 1 2 0.5756577952500239 8
3 5 1 3 0.5756577952500239 8
3 5 2 1 0.6545086572203147 4
3 5 2 2 0.6545086572203147 4
3 5 2 3 0.6545086572203147 4
3 5 3 1 0.5115770653780197 9
3 5 3 2 0.5115770653780197 9
3 5 3 3 0.5115770653780197 9
3 5 4 1 0.5421628277581861 9
3 5 4 2 0.5421628277581861 9
3 5 4 3 0.5421628277581861 9
3 5 5 1 0.1397608440305289 10
3 5 5 2 0.1397608440305289 10
3 5 5 3 0.1397608440305289 10
3 5 6 1 0.04790844876175526 2
3 5 6 2 0.04790844876175526 2
3 5 6 3 0.04790844876175526 2
3 5 7 1 0.7367390727234778 4
3 5 7 2 0.7367390727234778 4
3 5 7 3 0.7367390727234778 4
3 5 8 1 0.15105411452788198 2
3 5 8 2 0.15105411452788198 2
3 5 8 3 0.15105411452788198 2
3 5 9 1 0.3677007935673645 8
3 5 9 2 0.3677007935673645 8
3 5 9 3 0.3677007935673645 8
3 5 10 1 0.06764493158629803 8
3 5 10 2 0.06764493158629803 8
3 5 10 3 0.06764493158629803 8
3 5 11 1 0.34212596122511796 9
3 5 11 2 0.34212596122511796 9
3 5 11 3 0.34212596122511796 9
3 5 12 1 0.45266269475553755 9
3 5 12 2 0.45266269475553755 9
3 5 12 3 0.45266269475553755 9
3 5 13 1 0.16868899249510594 5
3 5 13 2 0.16868899249510594 5
3 5 13 3 0.16868899249510594 5
3 5 14 1 0.648618785247686 7
3 5 14 2 0.648618785247686 7
3 5 14 3 0.648618785247686 7
3 5 15 1 0.7660902844946469 1
3 5 15 2 0.7660902844946469 1
3 5 15 3 0.7660902844946469 1
3 5 16 1 0.7526237090620477 4
3 5 16 2 0.7526237090620477 4
3 5 16 3 0.7526237090620477 4
3 5 17 1 0.9593033220878486 6
3 5 17 2 0.9593033220878486 6
3 5 17 3 0.9593033220878486 6
3 5 18 1 0.4593699810601932 6
3 5 18 2 0.4593699810601932 6
3 5 18 3 0.4593699810601932 6
3 6 1 1 0.4664143415816858 2
3 6 1 2 0.4664143415816858 2
3 6 1 3 0.4664143415816858 2
3 6 2 1 0.9397027609495806 4
3 6 2 2 0.9397027609495806 4
3 6 2 3 0.9397027609495806 4
3 6 3 1 0.931972209455024 10
3 6 3 2 0.931972209455024 10
3 6 3 3 0.931972209455024 10
3 6 4 1 0.9549074578655524 6
3 6 4 2 0.9549074578655524 6
3 6 4 3 0.9549074578655524 6
3 6 5 1 0.7122226348553589 9
3 6 5 2 0.7122226348553589 9
3 6 5 3 0.7122226348553589 9
3 6 6 1 0.15538903069029564 2
3 6 6 2 0.15538903069029564 2
3 6 6 3 0.15538903069029564 2
3 6 7 1 0.725129940829277 9
3 6 7 2 0.725129940829277 9
3 6 7 3 0.725129940829277 9
3 6 8 1 0.36002471242397727 2
3 6 8 2 0.36002471242397727 2
3 6 8 3 0.36002471242397727 2
3 6 9 1 0.4996668031640742 5
3 6 9 2 0.4996668031640742 5
3 6 9 3 0.4996668031640742 5
3 6 10 1 0.3732100553290183 5
3 6 10 2 0.3732100553290183 5
3 6 10 3 0.3732100553290183 5
3 6 11 1 0.23213345040476596 2
3 6 11 2 0.23213345040476596 2
3 6 11 3 0.23213345040476596 2
3 6 12 1 0.8104730673895412 3
3 6 12 2 0.8104730673895412 3
3 6 12 3 0.8104730673895412 3
3 6 13 1 0.30207796695904265 8
3 6 13 2 0.30207796695904265 8
3 6 13 3 0.30207796695904265 8
3 6 14 1 0.4966631487810206 1
3 6 14 2 0.4966631487810206 1
3 6 14 3 0.4966631487810206 1
3 6 15 1 0.35857331281892824 8
3 6 15 2 0.35857331281892824 8
3 6 15 3 0.35857331281892824 8
3 6 16 1 0.060749955424968305 10
3 6 16 2 0.060749955424968305 10
3 6 16 3 0.060749955424968305 10
3 6 17 1 0.24165897711636908 6
3 6 17 2 0.24165897711636908 6
3 6 17 3 0.24165897711636908 6
3 6 18 1 0.852489919185976 9
3 6 18 2 0.852489919185976 9
3 6 18 3 0.852489919185976 9
3 7 1 1 0.9615839866869225 7
3 7 1 2 0.9615839866869225 7
3 7 1 3 0.9615839866869225 7
3 7 2 1 0.030135678237012686 9
3 7 2 2 0.030135678237012686 9
3 7 2 3 0.030135678237012686 9
3 7 3 1 0.27986946815440317 8
3 7 3 2 0.27986946815440317 8
3 7 3 3 0.27986946815440317 8
3 7 4 1 0.825937437664748 2
3 7 4 2 0.825937437664748 2
3 7 4 3 0.825937437664748 2
3 7 5 1 0.1725601870602651 7
3 7 5 2 0.1725601870602651 7
3 7 5 3 0.1725601870602651 7
3 7 6 1 0.23053167722498003 7
3 7 6 2 0.23053167722498003 7
3 7 6 3 0.23053167722498003 7
3 7 7 1 0.7381342807325645 7
3 7 7 2 0.7381342807325645 7
3 7 7 3 0.7381342807325645 7
3 7 8 1 0.0583738728758052 4
3 7 8 2 0.0583738728758052 4
3 7 8 3 0.0583738728758052 4
3 7 9 1 0.7848118803376383 7
3 7 9 2 0.7848118803376383 7
3 7 9 3 0.7848118803376383 7
3 7 10 1 0.025527983576616675 6
3 7 10 2 0.025527983576616675 6
3 7 10 3 0.025527983576616675 6
3 7 11 1 0.042982318618367765 1
3 7 11 2 0.042982318618367765 1
3 7 11 3 0.042982318618367765 1
3 7 12 1 0.6854568691044712 9
3 7 12 2 0.6854568691044712 9
3 7 12 3 0.6854568691044712 9
3 7 13 1 0.7801135413834244 10
3 7 13 2 0.7801135413834244 10
3 7 13 3 0.7801135413834244 10
3 7 14 1 0.18925812174383816 7
3 7 14 2 0.18925812174383816 7
3 7 14 3 0.18925812174383816 7
3 7 15 1 0.5647776305959312 6
3 7 15 2 0.5647776305959312 6
3 7 15 3 0.5647776305959312 6
3 7 16 1 0.9077245747022955 7
3 7 16 2 0.9077245747022955 7
3 7 16 3 0.9077245747022955 7
3 7 17 1 0.4036399135452714 4
3 7 17 2 0.4036399135452714 4
3 7 17 3 0.4036399135452714 4
3 7 18 1 0.08752608416998142 8
3 7 18 2 0.08752608416998142 8
3 7 18 3 0.08752608416998142 8
3 8 1 1 0.3246357404164675 2
3 8 1 2 0.3246357404164675 2
3 8 1 3 0.3246357404164675 2
3 8 2 1 0.866421727850631 9
3 8 2 2 0.866421727850631 9
3 8 2 3 0.866421727850631 9
3 8 3 1 0.08561940382040767 3
3 8 3 2 0.08561940382040767 3
3 8 3 3 0.08561940382040767 3
3 8 4 1 0.20149298674163252 6
3 8 4 2 0.20149298674163252 6
3 8 4 3 0.20149298674163252 6
3 8 5 1 0.2547986005531495 6
3 8 5 2 0.2547986005531495 6
3 8 5 3 0.2547986005531495 6
3 8 6 1 0.9577599061565525 3
3 8 6 2 0.9577599061565525 3
3 8 6 3 0.9577599061565525 3
3 8 7 1 0.39350112753355115 8
3 8 7 2 0.39350112753355115 8
3 8 7 3 0.39350112753355115 8
3 8 8 1 0.5019348876806645 9
3 8 8 2 0.5019348876806645 9
3 8 8 3 0.5019348876806645 9
3 8 9 1 0.6416349117763298 1
3 8 9 2 0.6416349117763298 1
3 8 9 3 0.6416349117763298 1
3 8 10 1 0.02802927908720132 7
3 8 10 2 0.02802927908720132 7
3 8 10 3 0.02802927908720132 7
3 8 11 1 0.8327448304072859 10
3 8 11 2 0.8327448304072859 10
3 8 11 3 0.8327448304072859 10
3 8 12 1 0.6855025745483242 7
3 8 12 2 0.6855025745483242 7
3 8 12 3 0.6855025745483242 7
3 8 13 1 0.2071321387635099 9
3 8 13 2 0.2071321387635099 9
3 8 13 3 0.2071321387635099 9
3 8 14 1 0.563485968450556 4
3 8 14 2 0.563485968450556 4
3 8 14 3 0.563485968450556 4
3 8 15 1 0.33461566441578117 4
3 8 15 2 0.33461566441578117 4
3 8 15 3 0.33461566441578117 4
3 8 16 1 0.6461831866708606 1
3 8 16 2 0.6461831866708606 1
3 8 16 3 0.6461831866708606 1
3 8 17 1 0.2414967847885099 3
3 8 17 2 0.2414967847885099 3
3 8 17 3 0.2414967847885099 3
3 8 18 1 0.4958821881876906 6
3 8 18 2 0.4958821881876906 6
3 8 18 3 0.4958821881876906 6
3 9 1 1 0.6069588162437449 8
3 9 1 2 0.6069588162437449 8
3 9 1 3 0.6069588162437449 8
3 9 2 1 0.021078746007945792 3
3 9 2 2 0.021078746007945792 3
3 9 2 3 0.021078746007945792 3
3 9 3 1 0.171772592698195 4
3 9 3 2 0.171772592698195 4
3 9 3 3 0.171772592698195 4
3 9 4 1 0.8234882174944632 1
3 9 4 2 0.8234882174944632 1
3 9 4 3 0.8234882174944632 1
3 9 5 1 0.21163760098528894 9
3 9 5 2 0.21163760098528894 9
3 9 5 3 0.21163760098528894 9
3 9 6 1 0.9304813398253325 7
3 9 6 2 0.9304813398253325 7
3 9 6 3 0.9304813398253325 7
3 9 7 1 0.03502853838726783 6
3 9 7 2 0.03502853838726783 6
3 9 7 3 0.03502853838726783 6
3 9 8 1 0.9382794894082762 7
3 9 8 2 0.9382794894082762 7
3 9 8 3 0.9382794894082762 7
3 9 9 1 0.6792350862837843 8
3 9 9 2 0.6792350862837843 8
3 9 9 3 0.6792350862837843 8
3 9 10 1 0.12017203075783045 4
3 9 10 2 0.12017203075783045 4
3 9 10 3 0.12017203075783045 4
3 9 11 1 0.27762806859295797 2
3 9 11 2 0.27762806859295797 2
3 9 11 3 0.27762806859295797 2
3 9 12 1 0.6703279252916348 7
3 9 12 2 0.6703279252916348 7
3 9 12 3 0.6703279252916348 7
3 9 13 1 0.07391139288011173 4
3 9 13 2 0.07391139288011173 4
3 9 13 3 0.07391139288011173 4
3 9 14 1 0.5187511067025737 8
3 9 14 2 0.5187511067025737 8
3 9 14 3 0.5187511067025737 8
3 9 15 1 0.32153354220303243 2
3 9 15 2 0.32153354220303243 2
3 9 15 3 0.32153354220303243 2
3 9 16 1 0.9523140474650585 10
3 9 16 2 0.9523140474650585 10
3 9 16 3 0.9523140474650585 10
3 9 17 1 0.1290583952628751 3
3 9 17 2 0.1290583952628751 3
3 9 17 3 0.1290583952628751 3
3 9 18 1 0.6948027718606848 7
3 9 18 2 0.6948027718606848 7
3 9 18 3 0.6948027718606848 7
3 10 1 1 0.32196461885379934 10
3 10 1 2 0.32196461885379934 10
3 10 1 3 0.32196461885379934 10
3 10 2 1 0.4638283517561299 8
3 10 2 2 0.4638283517561299 8
3 10 2 3 0.4638283517561299 8
3 10 3 1 0.370324313564256 8
3 10 3 2 0.370324313564256 8
3 10 3 3 0.370324313564256 8
3 10 4 1 0.29847557704589367 1
3 10 4 2 0.29847557704589367 1
3 10 4 3 0.29847557704589367 1
3 10 5 1 0.060953431375248 4
3 10 5 2 0.060953431375248 4
3 10 5 3 0.060953431375248 4
3 10 6 1 0.7583093735526361 1
3 10 6 2 0.7583093735526361 1
3 10 6 3 0.7583093735526361 1
3 10 7 1 0.5892334274731069 8
3 10 7 2 0.5892334274731069 8
3 10 7 3 0.5892334274731069 8
3 10 8 1 0.6157626643270618 4
3 10 8 2 0.6157626643270618 4
3 10 8 3 0.6157626643270618 4
3 10 9 1 0.6728164011144627 2
3 10 9 2 0.6728164011144627 2
3 10 9 3 0.6728164011144627 2
3 10 10 1 0.19267947616774084 5
3 10 10 2 0.19267947616774084 5
3 10 10 3 0.19267947616774084 5
3 10 11 1 0.8200446196219279 2
3 10 11 2 0.8200446196219279 2
3 10 11 3 0.8200446196219279 2
3 10 12 1 0.32450409943848557 8
3 10 12 2 0.32450409943848557 8
3 10 12 3 0.32450409943848557 8
3 10 13 1 0.3336870187456964 4
3 10 13 2 0.3336870187456964 4
3 10 13 3 0.3336870187456964 4
3 10 14 1 0.2497569306326075 2
3 10 14 2 0.2497569306326075 2
3 10 14 3 0.2497569306326075 2
3 10 15 1 0.24752405419650292 3
3 10 15 2 0.24752405419650292 3
3 10 15 3 0.24752405419650292 3
3 10 16 1 0.4624250560473848 7
3 10 16 2 0.4624250560473848 7
3 10 16 3 0.4624250560473848 7
3 10 17 1 0.9431500229975455 4
3 10 17 2 0.9431500229975455 4
3 10 17 3 0.9431500229975455 4
3 10 18 1 0.7491919524164471 8
3 10 18 2 0.7491919524164471 8
3 10 18 3 0.7491919524164471 8
3 11 1 1 0.022456032333459386 5
3 11 1 2 0.022456032333459386 5
3 11 1 3 0.022456032333459386 5
3 11 2 1 0.1694467974118533 3
3 11 2 2 0.1694467974118533 3
3 11 2 3 0.1694467974118533 3
3 11 3 1 0.04287142276394418 7
3 11 3 2 0.04287142276394418 7
3 11 3 3 0.04287142276394418 7
3 11 4 1 0.7050850093050082 4
3 11 4 2 0.7050850093050082 4
3 11 4 3 0.7050850093050082 4
3 11 5 1 0.2951483912463473 10
3 11 5 2 0.2951483912463473 10
3 11 5 3 0.2951483912463473 10
3 11 6 1 0.31958603797199536 10
3 11 6 2 0.31958603797199536 10
3 11 6 3 0.31958603797199536 10
3 11 7 1 0.5275811012863496 5
3 11 7 2 0.5275811012863496 5
3 11 7 3 0.5275811012863496 5
3 11 8 1 0.31020899075614317 1
3 11 8 2 0.31020899075614317 1
3 11 8 3 0.31020899075614317 1
3 11 9 1 0.9850652546349347 1
3 11 9 2 0.9850652546349347 1
3 11 9 3 0.9850652546349347 1
3 11 10 1 0.23800148544232957 7
3 11 10 2 0.23800148544232957 7
3 11 10 3 0.23800148544232957 7
3 11 11 1 0.6402229170037631 6
3 11 11 2 0.6402229170037631 6
3 11 11 3 0.6402229170037631 6
3 11 12 1 0.6881789746795685 4
3 11 12 2 0.6881789746795685 4
3 11 12 3 0.6881789746795685 4
3 11 13 1 0.726774771784059 7
3 11 13 2 0.726774771784059 7
3 11 13 3 0.726774771784059 7
3 11 14 1 0.1531849450077719 5
3 11 14 2 0.1531849450077719 5
3 11 14 3 0.1531849450077719 5
3 11 15 1 0.6699994250606872 3
3 11 15 2 0.6699994250606872 3
3 11 15 3 0.6699994250606872 3
3 11 16 1 0.1301014479698237 3
3 11 16 2 0.1301014479698237 3
3 11 16 3 0.1301014479698237 3
3 11 17 1 0.5974893837454505 8
3 11 17 2 0.5974893837454505 8
3 11 17 3 0.5974893837454505 8
3 11 18 1 0.8693739146197164 10
3 11 18 2 0.8693739146197164 10
3 11 18 3 0.8693739146197164 10
3 12 1 1 0.8894825489269618 10
3 12 1 2 0.8894825489269618 10
3 12 1 3 0.8894825489269618 10
3 12 2 1 0.4438611774073201 2
3 12 2 2 0.4438611774073201 2
3 12 2 3 0.4438611774073201 2
3 12 3 1 0.847727167826325 9
3 12 3 2 0.847727167826325 9
3 12 3 3 0.847727167826325 9
3 12 4 1 0.5373842796190026 3
3 12 4 2 0.5373842796190026 3
3 12 4 3 0.5373842796190026 3
3 12 5 1 0.5547488180616001 6
3 12 5 2 0.5547488180616001 6
3 12 5 3 0.5547488180616001 6
3 12 6 1 0.6638190205460397 2
3 12 6 2 0.6638190205460397 2
3 12 6 3 0.6638190205460397 2
3 12 7 1 0.1796623711930676 3
3 12 7 2 0.1796623711930676 3
3 12 7 3 0.1796623711930676 3
3 12 8 1 0.7862078813965967 6
3 12 8 2 0.7862078813965967 6
3 12 8 3 0.7862078813965967 6
3 12 9 1 0.7292785086991859 4
3 12 9 2 0.7292785086991859 4
3 12 9 3 0.7292785086991859 4
3 12 10 1 0.44150518722533516 8
3 12 10 2 0.44150518722533516 8
3 12 10 3 0.44150518722533516 8
3 12 11 1 0.20080518196094732 7
3 12 11 2 0.20080518196094732 7
3 12 11 3 0.20080518196094732 7
3 12 12 1 0.8572065505671986 10
3 12 12 2 0.8572065505671986 10
3 12 12 3 0.8572065505671986 10
3 12 13 1 0.04549796463208333 5
3 12 13 2 0.04549796463208333 5
3 12 13 3 0.04549796463208333 5
3 12 14 1 0.8039011759729292 4
3 12 14 2 0.8039011759729292 4
3 12 14 3 0.8039011759729292 4
3 12 15 1 0.808481340677174 6
3 12 15 2 0.808481340677174 6
3 12 15 3 0.808481340677174 6
3 12 16 1 0.5118839553059407 2
3 12 16 2 0.5118839553059407 2
3 12 16 3 0.5118839553059407 2
3 12 17 1 0.997388014261393 7
3 12 17 2 0.997388014261393 7
3 12 17 3 0.997388014261393 7
3 12 18 1 0.055409853229298034 2
3 12 18 2 0.055409853229298034 2
3 12 18 3 0.055409853229298034 2
4 1 1 1 0.5953168803939766 8
4 1 1 2 0.5953168803939766 8
4 1 1 3 0.5953168803939766 8
4 1 2 1 0.4260848942030213 6
4 1 2 2 0.4260848942030213 6
4 1 2 3 0.4260848942030213 6
4 1 3 1 0.7825723450370343 5
4 1 3 2 0.7825723450370343 5
4 1 3 3 0.7825723450370343 5
4 1 4 1 0.39447643322020565 7
4 1 4 2 0.39447643322020565 7
4 1 4 3 0.39447643322020565 7
4 1 5 1 0.9830224884566076 3
4 1 5 2 0.9830224884566076 3
4 1 5 3 0.9830224884566076 3
4 1 6 1 0.658689688297925 8
4 1 6 2 0.658689688297925 8
4 1 6 3 0.658689688297925 8
4 1 7 1 0.09249947713981 10
4 1 7 2 0.09249947713981 10
4 1 7 3 0.09249947713981 10
4 1 8 1 0.582179902092225 3
4 1 8 2 0.582179902092225 3
4 1 8 3 0.582179902092225 3
4 1 9 1 0.402223782163589 1
4 1 9 2 0.402223782163589 1
4 1 9 3 0.402223782163589 1
4 1 10 1 0.2937664351889666 3
4 1 10 2 0.2937664351889666 3
4 1 10 3 0.2937664351889666 3
4 1 11 1 0.6855972700845397 5
4 1 11 2 0.6855972700845397 5
4 1 11 3 0.6855972700845397 5
4 1 12 1 0.9808279243362378 6
4 1 12 2 0.9808279243362378 6
4 1 12 3 0.9808279243362378 6
4 1 13 1 0.7219818163820846 4
4 1 13 2 0.7219818163820846 4
4 1 13 3 0.7219818163820846 4
4 1 14 1 0.6886212032675665 10
4 1 14 2 0.6886212032675665 10
4 1 14 3 0.6886212032675665 10
4 1 15 1 0.05790140149848133 8
4 1 15 2 0.05790140149848133 8
4 1 15 3 0.05790140149848133 8
4 1 16 1 0.6623236581458968 6
4 1 16 2 0.6623236581458968 6
4 1 16 3 0.6623236581458968 6
4 1 17 1 0.9204115565284092 2
4 1 17 2 0.9204115565284092 2
4 1 17 3 0.9204115565284092 2
4 1 18 1 0.9036758570984941 8
4 1 18 2 0.9036758570984941 8
4 1 18 3 0.9036758570984941 8
4 2 1 1 0.11700198562101949 10
4 2 1 2 0.11700198562101949 10
4 2 1 3 0.11700198562101949 10
4 2 2 1 0.22646478751686805 2
4 2 2 2 0.22646478751686805 2
4 2 2 3 0.22646478751686805 2
4 2 3 1 0.5380466434381198 8
4 2 3 2 0.5380466434381198 8
4 2 3 3 0.5380466434381198 8
4 2 4 1 0.5746927589518008 1
4 2 4 2 0.5746927589518008 1
4 2 4 3 0.5746927589518008 1
4 2 5 1 0.8252653325656966 4
4 2 5 2 0.8252653325656966 4
4 2 5 3 0.8252653325656966 4
4 2 6 1 0.5057442072792594 1
4 2 6 2 0.5057442072792594 1
4 2 6 3 0.5057442072792594 1
4 2 7 1 0.40316698784026206 10
4 2 7 2 0.40316698784026206 10
4 2 7 3 0.40316698784026206 10
4 2 8 1 0.6143309289720009 3
4 2 8 2 0.6143309289720009 3
4 2 8 3 0.6143309289720009 3
4 2 9 1 0.7370236307597664 1
4 2 9 2 0.7370236307597664 1
4 2 9 3 0.7370236307597664 1
4 2 10 1 0.2771006049365513 7
4 2 10 2 0.2771006049365513 7
4 2 10 3 0.2771006049365513 7
4 2 11 1 0.8173466052917246 6
4 2 11 2 0.8173466052917246 6
4 2 11 3 0.8173466052917246 6
4 2 12 1 0.15121527095680354 2
4 2 12 2 0.15121527095680354 2
4 2 12 3 0.15121527095680354 2
4 2 13 1 0.5751661075818555 1
4 2 13 2 0.5751661075818555 1
4 2 13 3 0.5751661075818555 1
4 2 14 1 0.4714941331825184 2
4 2 14 2 0.4714941331825184 2
4 2 14 3 0.4714941331825184 2
4 2 15 1 0.5149263421194156 4
4 2 15 2 0.5149263421194156 4
4 2 15 3 0.5149263421194156 4
4 2 16 1 0.3962394076604041 10
4 2 16 2 0.3962394076604041 10
4 2 16 3 0.3962394076604041 10
4 2 17 1 0.8683022651954037 8
4 2 17 2 0.8683022651954037 8
4 2 17 3 0.8683022651954037 8
4 2 18 1 0.6499228517735512 8
4 2 18 2 0.6499228517735512 8
4 2 18 3 0.6499228517735512 8
4 3 1 1 0.17025935125520297 9
4 3 1 2 0.17025935125520297 9
4 3 1 3 0.17025935125520297 9
4 3 2 1 0.7280274387002592 7
4 3 2 2 0.7280274387002592 7
4 3 2 3 0.7280274387002592 7
4 3 3 1 0.7310569930908785 7
4 3 3 2 0.7310569930908785 7
4 3 3 3 0.7310569930908785 7
4 3 4 1 0.8097728806213427 1
4 3 4 2 0.8097728806213427 1
4 3 4 3 0.8097728806213427 1
4 3 5 1 0.1361880479420169 1
4 3 5 2 0.1361880479420169 1
4 3 5 3 0.1361880479420169 1
4 3 6 1 0.06547217055556731 8
4 3 6 2 0.06547217055556731 8
4 3 6 3 0.06547217055556731 8
4 3 7 1 0.91079075989948 6
4 3 7 2 0.91079075989948 6
4 3 7 3 0.91079075989948 6
4 3 8 1 0.3677990297561875 4
4 3 8 2 0.3677990297561875 4
4 3 8 3 0.3677990297561875 4
4 3 9 1 0.9477898018660846 1
4 3 9 2 0.9477898018660846 1
4 3 9 3 0.9477898018660846 1
4 3 10 1 0.17220804605263562 8
4 3 10 2 0.17220804605263562 8
4 3 10 3 0.17220804605263562 8
4 3 11 1 0.0861428075366415 8
4 3 11 2 0.0861428075366415 8
4 3 11 3 0.0861428075366415 8
4 3 12 1 0.49567283472431434 3
4 3 12 2 0.49567283472431434 3
4 3 12 3 0.49567283472431434 3
4 3 13 1 0.6427327980334486 7
4 3 13 2 0.6427327980334486 7
4 3 13 3 0.6427327980334486 7
4 3 14 1 0.7135394892593411 9
4 3 14 2 0.7135394892593411 9
4 3 14 3 0.7135394892593411 9
4 3 15 1 0.0507512125800057 6
4 3 15 2 0.0507512125800057 6
4 3 15 3 0.0507512125800057 6
4 3 16 1 0.8198996423473015 8
4 3 16 2 0.8198996423473015 8
4 3 16 3 0.8198996423473015 8
4 3 17 1 0.26651702050563386 9
4 3 17 2 0.26651702050563386 9
4 3 17 3 0.26651702050563386 9
4 3 18 1 0.665956682824059 9
4 3 18 2 0.665956682824059 9
4 3 18 3 0.665956682824059 9
4 4 1 1 0.5381401807658492 7
4 4 1 2 0.5381401807658492 7
4 4 1 3 0.5381401807658492 7
4 4 2 1 0.878845206174244 6
4 4 2 2 0.878845206174244 6
4 4 2 3 0.878845206174244 6
4 4 3 1 0.6807076720571186 3
4 4 3 2 0.6807076720571186 3
4 4 3 3 0.6807076720571186 3
4 4 4 1 0.4486260054920249 10
4 4 4 2 0.4486260054920249 10
4 4 4 3 0.4486260054920249 10
4 4 5 1 0.26340681262450794 1
4 4 5 2 0.26340681262450794 1
4 4 5 3 0.26340681262450794 1
4 4 6 1 0.30798434099763183 10
4 4 6 2 0.30798434099763183 10
4 4 6 3 0.30798434099763183 10
4 4 7 1 0.7132996244876372 2
4 4 7 2 0.7132996244876372 2
4 4 7 3 0.7132996244876372 2
4 4 8 1 0.635204054404793 1
4 4 8 2 0.635204054404793 1
4 4 8 3 0.635204054404793 1
4 4 9 1 0.7734918357237129 7
4 4 9 2 0.7734918357237129 7
4 4 9 3 0.7734918357237129 7
4 4 10 1 0.6232006875975208 8
4 4 10 2 0.6232006875975208 8
4 4 10 3 0.6232006875975208 8
4 4 11 1 0.9336940505537326 10
4 4 11 2 0.9336940505537326 10
4 4 11 3 0.9336940505537326 10
4 4 12 1 0.3647471938405702 4
4 4 12 2 0.3647471938405702 4
4 4 12 3 0.3647471938405702 4
4 4 13 1 0.05986176871354376 10
4 4 13 2 0.05986176871354376 10
4 4 13 3 0.05986176871354376 10
4 4 14 1 0.9225617769701243 4
4 4 14 2 0.9225617769701243 4
4 4 14 3 0.9225617769701243 4
4 4 15 1 0.42638875742234394 7
4 4 15 2 0.42638875742234394 7
4 4 15 3 0.42638875742234394 7
4 4 16 1 0.657731013223362 6
4 4 16 2 0.657731013223362 6
4 4 16 3 0.657731013223362 6
4 4 17 1 0.20009310976139327 4
4 4 17 2 0.20009310976139327 4
4 4 17 3 0.20009310976139327 4
4 4 18 1 0.7366624054873884 1
4 4 18 2 0.7366624054873884 1
4 4 18 3 0.7366624054873884 1
4 5 1 1 0.18681078109581006 7
4 5 1 2 0.18681078109581006 7
4 5 1 3 0.18681078109581006 7
4 5 2 1 0.13954828174439948 3
4 5 2 2 0.13954828174439948 3
4 5 2 3 0.13954828174439948 3
4 5 3 1 0.06682643395706134 8
4 5 3 2 0.06682643395706134 8
4 5 3 3 0.06682643395706134 8
4 5 4 1 0.2008731231693327 2
4 5 4 2 0.2008731231693327 2
4 5 4 3 0.2008731231693327 2
4 5 5 1 0.6741445103637416 3
4 5 5 2 0.6741445103637416 3
4 5 5 3 0.6741445103637416 3
4 5 6 1 0.8446611656431241 7
4 5 6 2 0.8446611656431241 7
4 5 6 3 0.8446611656431241 7
4 5 7 1 0.5775082269924988 6
4 5 7 2 0.5775082269924988 6
4 5 7 3 0.5775082269924988 6
4 5 8 1 0.5865908967244963 9
4 5 8 2 0.5865908967244963 9
4 5 8 3 0.5865908967244963 9
4 5 9 1 0.62538167832062 3
4 5 9 2 0.62538167832062 3
4 5 9 3 0.62538167832062 3
4 5 10 1 0.040178055662954626 3
4 5 10 2 0.040178055662954626 3
4 5 10 3 0.040178055662954626 3
4 5 11 1 0.47583089248507093 8
4 5 11 2 0.47583089248507093 8
4 5 11 3 0.47583089248507093 8
4 5 12 1 0.2864117979626224 4
4 5 12 2 0.2864117979626224 4
4 5 12 3 0.2864117979626224 4
4 5 13 1 0.6745786916854529 6
4 5 13 2 0.6745786916854529 6
4 5 13 3 0.6745786916854529 6
4 5 14 1 0.29876698929635825 2
4 5 14 2 0.29876698929635825 2
4 5 14 3 0.29876698929635825 2
4 5 15 1 0.15830330464593168 5
4 5 15 2 0.15830330464593168 5
4 5 15 3 0.15830330464593168 5
4 5 16 1 0.4574917216157778 6
4 5 16 2 0.4574917216157778 6
4 5 16 3 0.4574917216157778 6
4 5 17 1 0.3099850274097742 5
4 5 17 2 0.3099850274097742 5
4 5 17 3 0.3099850274097742 5
4 5 18 1 0.7448165526172565 6
4 5 18 2 0.7448165526172565 6
4 5 18 3 0.7448165526172565 6
4 6 1 1 0.8856828457580909 10
4 6 1 2 0.8856828457580909 10
4 6 1 3 0.8856828457580909 10
4 6 2 1 0.30744199856194276 6
4 6 2 2 0.30744199856194276 6
4 6 2 3 0.30744199856194276 6
4 6 3 1 0.1448942918267977 7
4 6 3 2 0.1448942918267977 7
4 6 3 3 0.1448942918267977 7
4 6 4 1 0.8332362607983153 8
4 6 4 2 0.8332362607983153 8
4 6 4 3 0.8332362607983153 8
4 6 5 1 0.9963279600725239 9
4 6 5 2 0.9963279600725239 9
4 6 5 3 0.9963279600725239 9
4 6 6 1 0.4931947987510341 4
4 6 6 2 0.4931947987510341 4
4 6 6 3 0.4931947987510341 4
4 6 7 1 0.8215214972174818 5
4 6 7 2 0.8215214972174818 5
4 6 7 3 0.8215214972174818 5
4 6 8 1 0.9770211637440055 4
4 6 8 2 0.9770211637440055 4
4 6 8 3 0.9770211637440055 4
4 6 9 1 0.3601201952312414 1
4 6 9 2 0.3601201952312414 1
4 6 9 3 0.3601201952312414 1
4 6 10 1 0.14807873892250212 10
4 6 10 2 0.14807873892250212 10
4 6 10 3 0.14807873892250212 10
4 6 11 1 0.7236256210209067 5
4 6 11 2 0.7236256210209067 5
4 6 11 3 0.7236256210209067 5
4 6 12 1 0.9686989106862294 1
4 6 12 2 0.9686989106862294 1
4 6 12 3 0.9686989106862294 1
4 6 13 1 0.7108327817677839 5
4 6 13 2 0.7108327817677839 5
4 6 13 3 0.7108327817677839 5
4 6 14 1 0.6428483746976916 3
4 6 14 2 0.6428483746976916 3
4 6 14 3 0.6428483746976916 3
4 6 15 1 0.07157984274097917 2
4 6 15 2 0.07157984274097917 2
4 6 15 3 0.07157984274097917 2
4 6 16 1 0.281460727338643 1
4 6 16 2 0.281460727338643 1
4 6 16 3 0.281460727338643 1
4 6 17 1 0.16879286032393181 9
4 6 17 2 0.16879286032393181 9
4 6 17 3 0.16879286032393181 9
4 6 18 1 0.05051356915771754 9
4 6 18 2 0.05051356915771754 9
4 6 18 3 0.05051356915771754 9
4 7 1 1 0.6659488531644444 3
4 7 1 2 0.6659488531644444 3
4 7 1 3 0.6659488531644444 3
4 7 2 1 0.9167703657268953 5
4 7 2 2 0.9167703657268953 5
4 7 2 3 0.9167703657268953 5
4 7 3 1 0.9702029097700042 8
4 7 3 2 0.9702029097700042 8
4 7 3 3 0.9702029097700042 8
4 7 4 1 0.3459343961169399 8
4 7 4 2 0.3459343961169399 8
4 7 4 3 0.3459343961169399 8
4 7 5 1 0.7787400894730084 4
4 7 5 2 0.7787400894730084 4
4 7 5 3 0.7787400894730084 4
4 7 6 1 0.7541876790975559 2
4 7 6 2 0.7541876790975559 2
4 7 6 3 0.7541876790975559 2
4 7 7 1 0.7786192525041392 9
4 7 7 2 0.7786192525041392 9
4 7 7 3 0.7786192525041392 9
4 7 8 1 0.6099911402021903 4
4 7 8 2 0.6099911402021903 4
4 7 8 3 0.6099911402021903 4
4 7 9 1 0.223458183023737 8
4 7 9 2 0.223458183023737 8
4 7 9 3 0.223458183023737 8
4 7 10 1 0.32457145593795955 10
4 7 10 2 0.32457145593795955 10
4 7 10 3 0.32457145593795955 10
4 7 11 1 0.4525317687760033 8
4 7 11 2 0.4525317687760033 8
4 7 11 3 0.4525317687760033 8
4 7 12 1 0.15193267087029017 3
4 7 12 2 0.15193267087029017 3
4 7 12 3 0.15193267087029017 3
4 7 13 1 0.32175702818111573 3
4 7 13 2 0.32175702818111573 3
4 7 13 3 0.32175702818111573 3
4 7 14 1 0.04192418440373191 6
4 7 14 2 0.04192418440373191 6
4 7 14 3 0.04192418440373191 6
4 7 15 1 0.6017904069331206 1
4 7 15 2 0.6017904069331206 1
4 7 15 3 0.6017904069331206 1
4 7 16 1 0.060484365585214306 6
4 7 16 2 0.060484365585214306 6
4 7 16 3 0.060484365585214306 6
4 7 17 1 0.9378247747008233 10
4 7 17 2 0.9378247747008233 10
4 7 17 3 0.9378247747008233 10
4 7 18 1 0.61261621901157 4
4 7 18 2 0.61261621901157 4
4 7 18 3 0.61261621901157 4
4 8 1 1 0.04479743872508324 8
4 8 1 2 0.04479743872508324 8
4 8 1 3 0.04479743872508324 8
4 8 2 1 0.05520758505298384 9
4 8 2 2 0.05520758505298384 9
4 8 2 3 0.05520758505298384 9
4 8 3 1 0.12510426844903855 2
4 8 3 2 0.12510426844903855 2
4 8 3 3 0.12510426844903855 2
4 8 4 1 0.11429720444191005 7
4 8 4 2 0.11429720444191005 7
4 8 4 3 0.11429720444191005 7
4 8 5 1 0.20808853346420564 7
4 8 5 2 0.20808853346420564 7
4 8 5 3 0.20808853346420564 7
4 8 6 1 0.26925921633492933 2
4 8 6 2 0.26925921633492933 2
4 8 6 3 0.26925921633492933 2
4 8 7 1 0.5128724544252694 9
4 8 7 2 0.5128724544252694 9
4 8 7 3 0.5128724544252694 9
4 8 8 1 0.06517556006805436 1
4 8 8 2 0.06517556006805436 1
4 8 8 3 0.06517556006805436 1
4 8 9 1 0.6558162143169423 6
4 8 9 2 0.6558162143169423 6
4 8 9 3 0.6558162143169423 6
4 8 10 1 0.45196846376811683 3
4 8 10 2 0.45196846376811683 3
4 8 10 3 0.45196846376811683 3
4 8 11 1 0.3452475745806469 6
4 8 11 2 0.3452475745806469 6
4 8 11 3 0.3452475745806469 6
4 8 12 1 0.22047081185273176 3
4 8 12 2 0.22047081185273176 3
4 8 12 3 0.22047081185273176 3
4 8 13 1 0.6844842953653543 8
4 8 13 2 0.6844842953653543 8
4 8 13 3 0.6844842953653543 8
4 8 14 1 0.3144725764674271 1
4 8 14 2 0.3144725764674271 1
4 8 14 3 0.3144725764674271 1
4 8 15 1 0.5157205970512561 6
4 8 15 2 0.5157205970512561 6
4 8 15 3 0.5157205970512561 6
4 8 16 1 0.710571341009857 1
4 8 16 2 0.710571341009857 1
4 8 16 3 0.710571341009857 1
4 8 17 1 0.0235379718460329 3
4 8 17 2 0.0235379718460329 3
4 8 17 3 0.0235379718460329 3
4 8 18 1 0.5098919340210349 2
4 8 18 2 0.5098919340210349 2
4 8 18 3 0.5098919340210349 2
4 9 1 1 0.26871470988804413 9
4 9 1 2 0.26871470988804413 9
4 9 1 3 0.26871470988804413 9
4 9 2 1 0.8846575161805382 9
4 9 2 2 0.8846575161805382 9
4 9 2 3 0.8846575161805382 9
4 9 3 1 0.9668237216317458 6
4 9 3 2 0.9668237216317458 6
4 9 3 3 0.9668237216317458 6
4 9 4 1 0.40064256065637227 9
4 9 4 2 0.40064256065637227 9
4 9 4 3 0.40064256065637227 9
4 9 5 1 0.18636995988195582 2
4 9 5 2 0.18636995988195582 2
4 9 5 3 0.18636995988195582 2
4 9 6 1 0.8225029023674812 9
4 9 6 2 0.8225029023674812 9
4 9 6 3 0.8225029023674812 9
4 9 7 1 0.6617054725923467 7
4 9 7 2 0.6617054725923467 7
4 9 7 3 0.6617054725923467 7
4 9 8 1 0.8130417430732468 7
4 9 8 2 0.8130417430732468 7
4 9 8 3 0.8130417430732468 7
4 9 9 1 0.6017045351600743 3
4 9 9 2 0.6017045351600743 3
4 9 9 3 0.6017045351600743 3
4 9 10 1 0.88300930088207 8
4 9 10 2 0.88300930088207 8
4 9 10 3 0.88300930088207 8
4 9 11 1 0.6648979179533265 8
4 9 11 2 0.6648979179533265 8
4 9 11 3 0.6648979179533265 8
4 9 12 1 0.07440666150890884 6
4 9 12 2 0.07440666150890884 6
4 9 12 3 0.07440666150890884 6
4 9 13 1 0.23652946537137065 2
4 9 13 2 0.23652946537137065 2
4 9 13 3 0.23652946537137065 2
4 9 14 1 0.3729676168070051 4
4 9 14 2 0.3729676168070051 4
4 9 14 3 0.3729676168070051 4
4 9 15 1 0.9662251513050039 6
4 9 15 2 0.9662251513050039 6
4 9 15 3 0.9662251513050039 6
4 9 16 1 0.9337847013312144 9
4 9 16 2 0.9337847013312144 9
4 9 16 3 0.9337847013312144 9
4 9 17 1 0.1810675958721768 5
4 9 17 2 0.1810675958721768 5
4 9 17 3 0.1810675958721768 5
4 9 18 1 0.9666157915728644 9
4 9 18 2 0.9666157915728644 9
4 9 18 3 0.9666157915728644 9
4 10 1 1 0.04247709579668646 7
4 10 1 2 0.04247709579668646 7
4 10 1 3 0.04247709579668646 7
4 10 2 1 0.744066473171288 1
4 10 2 2 0.744066473171288 1
4 10 2 3 0.744066473171288 1
4 10 3 1 0.7284032739183309 3
4 10 3 2 0.7284032739183309 3
4 10 3 3 0.7284032739183309 3
4 10 4 1 0.5897089633347196 4
4 10 4 2 0.5897089633347196 4
4 10 4 3 0.5897089633347196 4
4 10 5 1 0.854417831698583 10
4 10 5 2 0.854417831698583 10
4 10 5 3 0.854417831698583 10
4 10 6 1 0.5086041227432389 3
4 10 6 2 0.5086041227432389 3
4 10 6 3 0.5086041227432389 3
4 10 7 1 0.5814551766814259 4
4 10 7 2 0.5814551766814259 4
4 10 7 3 0.5814551766814259 4
4 10 8 1 0.7789837460239096 6
4 10 8 2 0.7789837460239096 6
4 10 8 3 0.7789837460239096 6
4 10 9 1 0.4333539890858893 7
4 10 9 2 0.4333539890858893 7
4 10 9 3 0.4333539890858893 7
4 10 10 1 0.9896499555765839 1
4 10 10 2 0.9896499555765839 1
4 10 10 3 0.9896499555765839 1
4 10 11 1 0.699248014210453 6
4 10 11 2 0.699248014210453 6
4 10 11 3 0.699248014210453 6
4 10 12 1 0.7368667483682424 5
4 10 12 2 0.7368667483682424 5
4 10 12 3 0.7368667483682424 5
4 10 13 1 0.21794862417620786 6
4 10 13 2 0.21794862417620786 6
4 10 13 3 0.21794862417620786 6
4 10 14 1 0.33316112946314225 4
4 10 14 2 0.33316112946314225 4
4 10 14 3 0.33316112946314225 4
4 10 15 1 0.48262751892787437 5
4 10 15 2 0.48262751892787437 5
4 10 15 3 0.48262751892787437 5
4 10 16 1 0.6798269756401929 3
4 10 16 2 0.6798269756401929 3
4 10 16 3 0.6798269756401929 3
4 10 17 1 0.6378944302037326 6
4 10 17 2 0.6378944302037326 6
4 10 17 3 0.6378944302037326 6
4 10 18 1 0.044095465800517375 5
4 10 18 2 0.044095465800517375 5
4 10 18 3 0.044095465800517375 5
4 11 1 1 0.8337143506772519 3
4 11 1 2 0.8337143506772519 3
4 11 1 3 0.8337143506772519 3
4 11 2 1 0.36338669611446683 9
4 11 2 2 0.36338669611446683 9
4 11 2 3 0.36338669611446683 9
4 11 3 1 0.26760463752386165 7
4 11 3 2 0.26760463752386165 7
4 11 3 3 0.26760463752386165 7
4 11 4 1 0.35094698768273314 2
4 11 4 2 0.35094698768273314 2
4 11 4 3 0.35094698768273314 2
4 11 5 1 0.5218892630906229 10
4 11 5 2 0.5218892630906229 10
4 11 5 3 0.5218892630906229 10
4 11 6 1 0.7305650162648989 10
4 11 6 2 0.7305650162648989 10
4 11 6 3 0.7305650162648989 10
4 11 7 1 0.16891933788912583 7
4 11 7 2 0.16891933788912583 7
4 11 7 3 0.16891933788912583 7
4 11 8 1 0.11810678948921682 2
4 11 8 2 0.11810678948921682 2
4 11 8 3 0.11810678948921682 2
4 11 9 1 0.45575702525153117 8
4 11 9 2 0.45575702525153117 8
4 11 9 3 0.45575702525153117 8
4 11 10 1 0.2997620157880445 1
4 11 10 2 0.2997620157880445 1
4 11 10 3 0.2997620157880445 1
4 11 11 1 0.27245759940166536 1
4 11 11 2 0.27245759940166536 1
4 11 11 3 0.27245759940166536 1
4 11 12 1 0.7487821728618715 2
4 11 12 2 0.7487821728618715 2
4 11 12 3 0.7487821728618715 2
4 11 13 1 0.5989051641469186 8
4 11 13 2 0.5989051641469186 8
4 11 13 3 0.5989051641469186 8
4 11 14 1 0.9045641031253973 3
4 11 14 2 0.9045641031253973 3
4 11 14 3 0.9045641031253973 3
4 11 15 1 0.14975030444207516 10
4 11 15 2 0.14975030444207516 10
4 11 15 3 0.14975030444207516 10
4 11 16 1 0.15514518098839225 7
4 11 16 2 0.15514518098839225 7
4 11 16 3 0.15514518098839225 7
4 11 17 1 0.8125763196269237 9
4 11 17 2 0.8125763196269237 9
4 11 17 3 0.8125763196269237 9
4 11 18 1 0.8694274574194908 3
4 11 18 2 0.8694274574194908 3
4 11 18 3 0.8694274574194908 3
4 12 1 1 0.9230591934649596 9
4 12 1 2 0.9230591934649596 9
4 12 1 3 0.9230591934649596 9
4 12 2 1 0.8719529383867747 4
4 12 2 2 0.8719529383867747 4
4 12 2 3 0.8719529383867747 4
4 12 3 1 0.6449509802622111 9
4 12 3 2 0.6449509802622111 9
4 12 3 3 0.6449509802622111 9
4 12 4 1 0.2562906846162474 1
4 12 4 2 0.2562906846162474 1
4 12 4 3 0.2562906846162474 1
4 12 5 1 0.5259217923158628 6
4 12 5 2 0.5259217923158628 6
4 12 5 3 0.5259217923158628 6
4 12 6 1 0.8040287231074524 2
4 12 6 2 0.8040287231074524 2
4 12 6 3 0.8040287231074524 2
4 12 7 1 0.19671332505121564 2
4 12 7 2 0.19671332505121564 2
4 12 7 3 0.19671332505121564 2
4 12 8 1 0.3852197559582815 5
4 12 8 2 0.3852197559582815 5
4 12 8 3 0.3852197559582815 5
4 12 9 1 0.2795569536260315 7
4 12 9 2 0.2795569536260315 7
4 12 9 3 0.2795569536260315 7
4 12 10 1 0.811489322350012 5
4 12 10 2 0.811489322350012 5
4 12 10 3 0.811489322350012 5
4 12 11 1 0.14687432376527954 7
4 12 11 2 0.14687432376527954 7
4 12 11 3 0.14687432376527954 7
4 12 12 1 0.676996588152799 9
4 12 12 2 0.676996588152799 9
4 12 12 3 0.676996588152799 9
4 12 13 1 0.5898525358997926 6
4 12 13 2 0.5898525358997926 6
4 12 13 3 0.5898525358997926 6
4 12 14 1 0.5886322778854121 7
4 12 14 2 0.5886322778854121 7
4 12 14 3 0.5886322778854121 7
4 12 15 1 0.5923525737687771 2
4 12 15 2 0.5923525737687771 2
4 12 15 3 0.5923525737687771 2
4 12 16 1 0.48312362813207566 3
4 12 16 2 0.48312362813207566 3
4 12 16 3 0.48312362813207566 3
4 12 17 1 0.6217943633257069 7
4 12 17 2 0.6217943633257069 7
4 12 17 3 0.6217943633257069 7
4 12 18 1 0.9808760362615023 3
4 12 18 2 0.9808760362615023 3
4 12 18 3 0.9808760362615023 3
5 1 1 1 0.477631193999977 10
5 1 1 2 0.477631193999977 10
5 1 1 3 0.477631193999977 10
5 1 2 1 0.03763914264111157 7
5 1 2 2 0.03763914264111157 7
5 1 2 3 0.03763914264111157 7
5 1 3 1 0.2546138186689654 8
5 1 3 2 0.2546138186689654 8
5 1 3 3 0.2546138186689654 8
5 1 4 1 0.7450895060471825 8
5 1 4 2 0.7450895060471825 8
5 1 4 3 0.7450895060471825 8
5 1 5 1 0.5208240400897749 3
5 1 5 2 0.5208240400897749 3
5 1 5 3 0.5208240400897749 3
5 1 6 1 0.3599723209018364 7
5 1 6 2 0.3599723209018364 7
5 1 6 3 0.3599723209018364 7
5 1 7 1 0.3067977155425573 5
5 1 7 2 0.3067977155425573 5
5 1 7 3 0.3067977155425573 5
5 1 8 1 0.12081444357166071 10
5 1 8 2 0.12081444357166071 10
5 1 8 3 0.12081444357166071 10
5 1 9 1 0.5588651352560245 1
5 1 9 2 0.5588651352560245 1
5 1 9 3 0.5588651352560245 1
5 1 10 1 0.2954412860792679 2
5 1 10 2 0.2954412860792679 2
5 1 10 3 0.2954412860792679 2
5 1 11 1 0.5965436151174117 1
5 1 11 2 0.5965436151174117 1
5 1 11 3 0.5965436151174117 1
5 1 12 1 0.7787317569124694 6
5 1 12 2 0.7787317569124694 6
5 1 12 3 0.7787317569124694 6
5 1 13 1 0.8725266413569979 4
5 1 13 2 0.8725266413569979 4
5 1 13 3 0.8725266413569979 4
5 1 14 1 0.8256302042479613 8
5 1 14 2 0.8256302042479613 8
5 1 14 3 0.8256302042479613 8
5 1 15 1 0.9208840755312943 7
5 1 15 2 0.9208840755312943 7
5 1 15 3 0.9208840755312943 7
5 1 16 1 0.41933425466751584 9
5 1 16 2 0.41933425466751584 9
5 1 16 3 0.41933425466751584 9
5 1 17 1 0.9761552088692624 2
5 1 17 2 0.9761552088692624 2
5 1 17 3 0.9761552088692624 2
5 1 18 1 0.34230509177195134 10
5 1 18 2 0.34230509177195134 10
5 1 18 3 0.34230509177195134 10
5 2 1 1 0.43321894380862724 4
5 2 1 2 0.43321894380862724 4
5 2 1 3 0.43321894380862724 4
5 2 2 1 0.8727747341352514 5
5 2 2 2 0.8727747341352514 5
5 2 2 3 0.8727747341352514 5
5 2 3 1 0.8520345957136114 8
5 2 3 2 0.8520345957136114 8
5 2 3 3 0.8520345957136114 8
5 2 4 1 0.321362694089679 2
5 2 4 2 0.321362694089679 2
5 2 4 3 0.321362694089679 2
5 2 5 1 0.38451289104412345 7
5 2 5 2 0.38451289104412345 7
5 2 5 3 0.38451289104412345 7
5 2 6 1 0.22421377199095704 5
5 2 6 2 0.22421377199095704 5
5 2 6 3 0.22421377199095704 5
5 2 7 1 0.29397422453998434 10
5 2 7 2 0.29397422453998434 10
5 2 7 3 0.29397422453998434 10
5 2 8 1 0.07006895407427838 7
5 2 8 2 0.07006895407427838 7
5 2 8 3 0.07006895407427838 7
5 2 9 1 0.19086667738667296 9
5 2 9 2 0.19086667738667296 9
5 2 9 3 0.19086667738667296 9
5 2 10 1 0.7639396082288714 10
5 2 10 2 0.7639396082288714 10
5 2 10 3 0.7639396082288714 10
5 2 11 1 0.23357256523904124 7
5 2 11 2 0.23357256523904124 7
5 2 11 3 0.23357256523904124 7
5 2 12 1 0.3850147943241137 9
5 2 12 2 0.3850147943241137 9
5 2 12 3 0.3850147943241137 9
5 2 13 1 0.48492948846334816 7
5 2 13 2 0.48492948846334816 7
5 2 13 3 0.48492948846334816 7
5 2 14 1 0.5847293870244151 6
5 2 14 2 0.5847293870244151 6
5 2 14 3 0.5847293870244151 6
5 2 15 1 0.664271804529139 6
5 2 15 2 0.664271804529139 6
5 2 15 3 0.664271804529139 6
5 2 16 1 0.8329684395482472 10
5 2 16 2 0.8329684395482472 10
5 2 16 3 0.8329684395482472 10
5 2 17 1 0.14386297158451045 3
5 2 17 2 0.14386297158451045 3
5 2 17 3 0.14386297158451045 3
5 2 18 1 0.981651524855564 10
5 2 18 2 0.981651524855564 10
5 2 18 3 0.981651524855564 10
5 3 1 1 0.7501645752090551 6
5 3 1 2 0.7501645752090551 6
5 3 1 3 0.7501645752090551 6
5 3 2 1 0.8343955679648538 10
5 3 2 2 0.8343955679648538 10
5 3 2 3 0.8343955679648538 10
5 3 3 1 0.6454204717166967 7
5 3 3 2 0.6454204717166967 7
5 3 3 3 0.6454204717166967 7
5 3 4 1 0.8967850716675554 6
5 3 4 2 0.8967850716675554 6
5 3 4 3 0.8967850716675554 6
5 3 5 1 0.06874803872314939 10
5 3 5 2 0.06874803872314939 10
5 3 5 3 0.06874803872314939 10
5 3 6 1 0.9171608406613546 10
5 3 6 2 0.9171608406613546 10
5 3 6 3 0.9171608406613546 10
5 3 7 1 0.16358170479450596 9
5 3 7 2 0.16358170479450596 9
5 3 7 3 0.16358170479450596 9
5 3 8 1 0.3234338860885009 6
5 3 8 2 0.3234338860885009 6
5 3 8 3 0.3234338860885009 6
5 3 9 1 0.13526058224690696 6
5 3 9 2 0.13526058224690696 6
5 3 9 3 0.13526058224690696 6
5 3 10 1 0.5324152817519247 2
5 3 10 2 0.5324152817519247 2
5 3 10 3 0.5324152817519247 2
5 3 11 1 0.08148586882724862 9
5 3 11 2 0.08148586882724862 9
5 3 11 3 0.08148586882724862 9
5 3 12 1 0.22348189147249609 4
5 3 12 2 0.22348189147249609 4
5 3 12 3 0.22348189147249609 4
5 3 13 1 0.6173743316040682 5
5 3 13 2 0.6173743316040682 5
5 3 13 3 0.6173743316040682 5
5 3 14 1 0.06656688509635955 4
5 3 14 2 0.06656688509635955 4
5 3 14 3 0.06656688509635955 4
5 3 15 1 0.07385278395657335 3
5 3 15 2 0.07385278395657335 3
5 3 15 3 0.07385278395657335 3
5 3 16 1 0.014651806803247291 2
5 3 16 2 0.014651806803247291 2
5 3 16 3 0.014651806803247291 2
5 3 17 1 0.34864622155232583 1
5 3 17 2 0.34864622155232583 1
5 3 17 3 0.34864622155232583 1
5 3 18 1 0.6618076540918951 8
5 3 18 2 0.6618076540918951 8
5 3 18 3 0.6618076540918951 8
5 4 1 1 0.798222113888865 6
5 4 1 2 0.798222113888865 6
5 4 1 3 0.798222113888865 6
5 4 2 1 0.6641863853084542 4
5 4 2 2 0.6641863853084542 4
5 4 2 3 0.6641863853084542 4
5 4 3 1 0.6610506919059723 4
5 4 3 2 0.6610506919059723 4
5 4 3 3 0.6610506919059723 4
5 4 4 1 0.5674367033519637 7
5 4 4 2 0.5674367033519637 7
5 4 4 3 0.5674367033519637 7
5 4 5 1 0.9277544921987224 7
5 4 5 2 0.9277544921987224 7
5 4 5 3 0.9277544921987224 7
5 4 6 1 0.6939132409845545 1
5 4 6 2 0.6939132409845545 1
5 4 6 3 0.6939132409845545 1
5 4 7 1 0.8043828887424695 8
5 4 7 2 0.8043828887424695 8
5 4 7 3 0.8043828887424695 8
5 4 8 1 0.11779187523759693 10
5 4 8 2 0.11779187523759693 10
5 4 8 3 0.11779187523759693 10
5 4 9 1 0.5290415963592144 9
5 4 9 2 0.5290415963592144 9
5 4 9 3 0.5290415963592144 9
5 4 10 1 0.5248440483695096 2
5 4 10 2 0.5248440483695096 2
5 4 10 3 0.5248440483695096 2
5 4 11 1 0.5861516718642015 7
5 4 11 2 0.5861516718642015 7
5 4 11 3 0.5861516718642015 7
5 4 12 1 0.8022309977678214 5
5 4 12 2 0.8022309977678214 5
5 4 12 3 0.8022309977678214 5
5 4 13 1 0.8781007212322093 6
5 4 13 2 0.8781007212322093 6
5 4 13 3 0.8781007212322093 6
5 4 14 1 0.7026726501212289 7
5 4 14 2 0.7026726501212289 7
5 4 14 3 0.7026726501212289 7
5 4 15 1 0.9180467904318199 3
5 4 15 2 0.9180467904318199 3
5 4 15 3 0.9180467904318199 3
5 4 16 1 0.4563512528324002 9
5 4 16 2 0.4563512528324002 9
5 4 16 3 0.4563512528324002 9
5 4 17 1 0.0313034084651973 6
5 4 17 2 0.0313034084651973 6
5 4 17 3 0.0313034084651973 6
5 4 18 1 0.7447940352248256 3
5 4 18 2 0.7447940352248256 3
5 4 18 3 0.7447940352248256 3
5 5 1 1 0.8292030424649962 3
5 5 1 2 0.8292030424649962 3
5 5 1 3 0.8292030424649962 3
5 5 2 1 0.39033835094512936 7
5 5 2 2 0.39033835094512936 7
5 5 2 3 0.39033835094512936 7
5 5 3 1 0.7853894566429945 3
5 5 3 2 0.7853894566429945 3
5 5 3 3 0.7853894566429945 3
5 5 4 1 0.5211170836172063 5
5 5 4 2 0.5211170836172063 5
5 5 4 3 0.5211170836172063 5
5 5 5 1 0.8071432787478078 4
5 5 5 2 0.8071432787478078 4
5 5 5 3 0.8071432787478078 4
5 5 6 1 0.6886744322518958 2
5 5 6 2 0.6886744322518958 2
5 5 6 3 0.6886744322518958 2
5 5 7 1 0.15416248267429755 8
5 5 7 2 0.15416248267429755 8
5 5 7 3 0.15416248267429755 8
5 5 8 1 0.2883447248103258 4
5 5 8 2 0.2883447248103258 4
5 5 8 3 0.2883447248103258 4
5 5 9 1 0.5975579086697899 8
5 5 9 2 0.5975579086697899 8
5 5 9 3 0.5975579086697899 8
5 5 10 1 0.32870282850788235 4
5 5 10 2 0.32870282850788235 4
5 5 10 3 0.32870282850788235 4
5 5 11 1 0.5764369767533826 5
5 5 11 2 0.5764369767533826 5
5 5 11 3 0.5764369767533826 5
5 5 12 1 0.5236399706203615 2
5 5 12 2 0.5236399706203615 2
5 5 12 3 0.5236399706203615 2
5 5 13 1 0.9327575835672803 10
5 5 13 2 0.9327575835672803 10
5 5 13 3 0.9327575835672803 10
5 5 14 1 0.32169053729532515 1
5 5 14 2 0.32169053729532515 1
5 5 14 3 0.32169053729532515 1
5 5 15 1 0.6890006763943219 6
5 5 15 2 0.6890006763943219 6
5 5 15 3 0.6890006763943219 6
5 5 16 1 0.5249097864929528 4
5 5 16 2 0.5249097864929528 4
5 5 16 3 0.5249097864929528 4
5 5 17 1 0.8999354829577845 1
5 5 17 2 0.8999354829577845 1
5 5 17 3 0.8999354829577845 1
5 5 18 1 0.10565536307155421 9
5 5 18 2 0.10565536307155421 9
5 5 18 3 0.10565536307155421 9
5 6 1 1 0.18605258800612778 6
5 6 1 2 0.18605258800612778 6
5 6 1 3 0.18605258800612778 6
5 6 2 1 0.12833551956929345 9
5 6 2 2 0.12833551956929345 9
5 6 2 3 0.12833551956929345 9
5 6 3 1 0.2591693966100569 10
5 6 3 2 0.2591693966100569 10
5 6 3 3 0.2591693966100569 10
5 6 4 1 0.8850281175458461 4
5 6 4 2 0.8850281175458461 4
5 6 4 3 0.8850281175458461 4
5 6 5 1 0.3483123733890058 5
5 6 5 2 0.3483123733890058 5
5 6 5 3 0.3483123733890058 5
5 6 6 1 0.0782105249003795 4
5 6 6 2 0.0782105249003795 4
5 6 6 3 0.0782105249003795 4
5 6 7 1 0.9558616087547344 6
5 6 7 2 0.9558616087547344 6
5 6 7 3 0.9558616087547344 6
5 6 8 1 0.6675512215388527 6
5 6 8 2 0.6675512215388527 6
5 6 8 3 0.6675512215388527 6
5 6 9 1 0.4806079834214875 3
5 6 9 2 0.4806079834214875 3
5 6 9 3 0.4806079834214875 3
5 6 10 1 0.7591143020219406 6
5 6 10 2 0.7591143020219406 6
5 6 10 3 0.7591143020219406 6
5 6 11 1 0.8477740610468936 4
5 6 11 2 0.8477740610468936 4
5 6 11 3 0.8477740610468936 4
5 6 12 1 0.3562043734512911 1
5 6 12 2 0.3562043734512911 1
5 6 12 3 0.3562043734512911 1
5 6 13 1 0.18363372998348826 5
5 6 13 2 0.18363372998348826 5
5 6 13 3 0.18363372998348826 5
5 6 14 1 0.8971006073412571 5
5 6 14 2 0.8971006073412571 5
5 6 14 3 0.8971006073412571 5
5 6 15 1 0.42835319236339753 5
5 6 15 2 0.42835319236339753 5
5 6 15 3 0.42835319236339753 5
5 6 16 1 0.5841351169775895 2
5 6 16 2 0.5841351169775895 2
5 6 16 3 0.5841351169775895 2
5 6 17 1 0.1453774031815397 1
5 6 17 2 0.1453774031815397 1
5 6 17 3 0.1453774031815397 1
5 6 18 1 0.24588326464931465 5
5 6 18 2 0.24588326464931465 5
5 6 18 3 0.24588326464931465 5
5 7 1 1 0.34734734965470904 7
5 7 1 2 0.34734734965470904 7
5 7 1 3 0.34734734965470904 7
5 7 2 1 0.22511641899001433 7
5 7 2 2 0.22511641899001433 7
5 7 2 3 0.22511641899001433 7
5 7 3 1 0.8315399442776269 4
5 7 3 2 0.8315399442776269 4
5 7 3 3 0.8315399442776269 4
5 7 4 1 0.7115219706250473 8
5 7 4 2 0.7115219706250473 8
5 7 4 3 0.7115219706250473 8
5 7 5 1 0.8323611177721675 8
5 7 5 2 0.8323611177721675 8
5 7 5 3 0.8323611177721675 8
5 7 6 1 0.8228351095017358 10
5 7 6 2 0.8228351095017358 10
5 7 6 3 0.8228351095017358 10
5 7 7 1 0.3394331511826001 8
5 7 7 2 0.3394331511826001 8
5 7 7 3 0.3394331511826001 8
5 7 8 1 0.5763561443992837 3
5 7 8 2 0.5763561443992837 3
5 7 8 3 0.5763561443992837 3
5 7 9 1 0.5529707729718096 2
5 7 9 2 0.5529707729718096 2
5 7 9 3 0.5529707729718096 2
5 7 10 1 0.9577149858390522 2
5 7 10 2 0.9577149858390522 2
5 7 10 3 0.9577149858390522 2
5 7 11 1 0.04682232492604532 9
5 7 11 2 0.04682232492604532 9
5 7 11 3 0.04682232492604532 9
5 7 12 1 0.13451615216597934 3
5 7 12 2 0.13451615216597934 3
5 7 12 3 0.13451615216597934 3
5 7 13 1 0.8542415564478869 9
5 7 13 2 0.8542415564478869 9
5 7 13 3 0.8542415564478869 9
5 7 14 1 0.8709697754266337 3
5 7 14 2 0.8709697754266337 3
5 7 14 3 0.8709697754266337 3
5 7 15 1 0.6002005029820671 5
5 7 15 2 0.6002005029820671 5
5 7 15 3 0.6002005029820671 5
5 7 16 1 0.6574897530570254 7
5 7 16 2 0.6574897530570254 7
5 7 16 3 0.6574897530570254 7
5 7 17 1 0.8093453574293636 2
5 7 17 2 0.8093453574293636 2
5 7 17 3 0.8093453574293636 2
5 7 18 1 0.08075508854778657 7
5 7 18 2 0.08075508854778657 7
5 7 18 3 0.08075508854778657 7
5 8 1 1 0.6676676117283871 5
5 8 1 2 0.6676676117283871 5
5 8 1 3 0.6676676117283871 5
5 8 2 1 0.6817338230077751 6
5 8 2 2 0.6817338230077751 6
5 8 2 3 0.6817338230077751 6
5 8 3 1 0.39264505903939795 8
5 8 3 2 0.39264505903939795 8
5 8 3 3 0.39264505903939795 8
5 8 4 1 0.03575419211207764 8
5 8 4 2 0.03575419211207764 8
5 8 4 3 0.03575419211207764 8
5 8 5 1 0.5885506924234587 4
5 8 5 2 0.5885506924234587 4
5 8 5 3 0.5885506924234587 4
5 8 6 1 0.9141887268964353 6
5 8 6 2 0.9141887268964353 6
5 8 6 3 0.9141887268964353 6
5 8 7 1 0.40028494610530096 1
5 8 7 2 0.40028494610530096 1
5 8 7 3 0.40028494610530096 1
5 8 8 1 0.7455807536179034 1
5 8 8 2 0.7455807536179034 1
5 8 8 3 0.7455807536179034 1
5 8 9 1 0.46243335060510427 5
5 8 9 2 0.46243335060510427 5
5 8 9 3 0.46243335060510427 5
5 8 10 1 0.612251916593875 4
5 8 10 2 0.612251916593875 4
5 8 10 3 0.612251916593875 4
5 8 11 1 0.10376109856864268 2
5 8 11 2 0.10376109856864268 2
5 8 11 3 0.10376109856864268 2
5 8 12 1 0.5639269382855541 2
5 8 12 2 0.5639269382855541 2
5 8 12 3 0.5639269382855541 2
5 8 13 1 0.09065951182597143 6
5 8 13 2 0.09065951182597143 6
5 8 13 3 0.09065951182597143 6
5 8 14 1 0.33086605185118 10
5 8 14 2 0.33086605185118 10
5 8 14 3 0.33086605185118 10
5 8 15 1 0.6185106697841161 2
5 8 15 2 0.6185106697841161 2
5 8 15 3 0.6185106697841161 2
5 8 16 1 0.4102834905278653 5
5 8 16 2 0.4102834905278653 5
5 8 16 3 0.4102834905278653 5
5 8 17 1 0.11216780839618468 6
5 8 17 2 0.11216780839618468 6
5 8 17 3 0.11216780839618468 6
5 8 18 1 0.380637245887801 9
5 8 18 2 0.380637245887801 9
5 8 18 3 0.380637245887801 9
5 9 1 1 0.035633531965222454 6
5 9 1 2 0.035633531965222454 6
5 9 1 3 0.035633531965222454 6
5 9 2 1 0.1541789479875686 9
5 9 2 2 0.1541789479875686 9
5 9 2 3 0.1541789479875686 9
5 9 3 1 0.8505881679283557 4
5 9 3 2 0.8505881679283557 4
5 9 3 3 0.8505881679283557 4
5 9 4 1 0.8701001736831006 9
5 9 4 2 0.8701001736831006 9
5 9 4 3 0.8701001736831006 9
5 9 5 1 0.3395854255970696 10
5 9 5 2 0.3395854255970696 10
5 9 5 3 0.3395854255970696 10
5 9 6 1 0.22460824679741076 6
5 9 6 2 0.22460824679741076 6
5 9 6 3 0.22460824679741076 6
5 9 7 1 0.6054447393733308 8
5 9 7 2 0.6054447393733308 8
5 9 7 3 0.6054447393733308 8
5 9 8 1 0.28031138883569373 6
5 9 8 2 0.28031138883569373 6
5 9 8 3 0.28031138883569373 6
5 9 9 1 0.3557939623751316 7
5 9 9 2 0.3557939623751316 7
5 9 9 3 0.3557939623751316 7
5 9 10 1 0.4698573692983071 3
5 9 10 2 0.4698573692983071 3
5 9 10 3 0.4698573692983071 3
5 9 11 1 0.1014769791119079 6
5 9 11 2 0.1014769791119079 6
5 9 11 3 0.1014769791119079 6
5 9 12 1 0.45074464452272067 2
5 9 12 2 0.45074464452272067 2
5 9 12 3 0.45074464452272067 2
5 9 13 1 0.9442642022372957 1
5 9 13 2 0.9442642022372957 1
5 9 13 3 0.9442642022372957 1
5 9 14 1 0.7419357674696702 6
5 9 14 2 0.7419357674696702 6
5 9 14 3 0.7419357674696702 6
5 9 15 1 0.3260756534803996 7
5 9 15 2 0.3260756534803996 7
5 9 15 3 0.3260756534803996 7
5 9 16 1 0.6311289598140137 3
5 9 16 2 0.6311289598140137 3
5 9 16 3 0.6311289598140137 3
5 9 17 1 0.5514885608238639 1
5 9 17 2 0.5514885608238639 1
5 9 17 3 0.5514885608238639 1
5 9 18 1 0.49655807180947786 1
5 9 18 2 0.49655807180947786 1
5 9 18 3 0.49655807180947786 1
5 10 1 1 0.9723998268237459 9
5 10 1 2 0.9723998268237459 9
5 10 1 3 0.9723998268237459 9
5 10 2 1 0.7607923479538882 5
5 10 2 2 0.7607923479538882 5
5 10 2 3 0.7607923479538882 5
5 10 3 1 0.18905458678400222 9
5 10 3 2 0.18905458678400222 9
5 10 3 3 0.18905458678400222 9
5 10 4 1 0.5521844785804568 7
5 10 4 2 0.5521844785804568 7
5 10 4 3 0.5521844785804568 7
5 10 5 1 0.5482698601432948 5
5 10 5 2 0.5482698601432948 5
5 10 5 3 0.5482698601432948 5
5 10 6 1 0.6626165491112033 10
5 10 6 2 0.6626165491112033 10
5 10 6 3 0.6626165491112033 10
5 10 7 1 0.30261043673974264 9
5 10 7 2 0.30261043673974264 9
5 10 7 3 0.30261043673974264 9
5 10 8 1 0.3545829291596171 3
5 10 8 2 0.3545829291596171 3
5 10 8 3 0.3545829291596171 3
5 10 9 1 0.22533630853992004 10
5 10 9 2 0.22533630853992004 10
5 10 9 3 0.22533630853992004 10
5 10 10 1 0.44547248525877503 10
5 10 10 2 0.44547248525877503 10
5 10 10 3 0.44547248525877503 10
5 10 11 1 0.4233860428492353 5
5 10 11 2 0.4233860428492353 5
5 10 11 3 0.4233860428492353 5
5 10 12 1 0.8618453652184134 6
5 10 12 2 0.8618453652184134 6
5 10 12 3 0.8618453652184134 6
5 10 13 1 0.2643585242663543 3
5 10 13 2 0.2643585242663543 3
5 10 13 3 0.2643585242663543 3
5 10 14 1 0.6369721419539055 5
5 10 14 2 0.6369721419539055 5
5 10 14 3 0.6369721419539055 5
5 10 15 1 0.9299071410555331 5
5 10 15 2 0.9299071410555331 5
5 10 15 3 0.9299071410555331 5
5 10 16 1 0.6178918202298579 7
5 10 16 2 0.6178918202298579 7
5 10 16 3 0.6178918202298579 7
5 10 17 1 0.9807198982034463 9
5 10 17 2 0.9807198982034463 9
5 10 17 3 0.9807198982034463 9
5 10 18 1 0.0796848207475973 3
5 10 18 2 0.0796848207475973 3
5 10 18 3 0.0796848207475973 3
5 11 1 1 0.995965359359387 9
5 11 1 2 0.995965359359387 9
5 11 1 3 0.995965359359387 9
5 11 2 1 0.5439074275159614 8
5 11 2 2 0.5439074275159614 8
5 11 2 3 0.5439074275159614 8
5 11 3 1 0.8231597748763689 6
5 11 3 2 0.8231597748763689 6
5 11 3 3 0.8231597748763689 6
5 11 4 1 0.5782046891449901 6
5 11 4 2 0.5782046891449901 6
5 11 4 3 0.5782046891449901 6
5 11 5 1 0.031136577491830963 1
5 11 5 2 0.031136577491830963 1
5 11 5 3 0.031136577491830963 1
5 11 6 1 0.573173035218847 10
5 11 6 2 0.573173035218847 10
5 11 6 3 0.573173035218847 10
5 11 7 1 0.019339817200700993 5
5 11 7 2 0.019339817200700993 5
5 11 7 3 0.019339817200700993 5
5 11 8 1 0.1934788041284099 6
5 11 8 2 0.1934788041284099 6
5 11 8 3 0.1934788041284099 6
5 11 9 1 0.35179689091740984 2
5 11 9 2 0.35179689091740984 2
5 11 9 3 0.35179689091740984 2
5 11 10 1 0.9093949271071182 7
5 11 10 2 0.9093949271071182 7
5 11 10 3 0.9093949271071182 7
5 11 11 1 0.7849779382060195 8
5 11 11 2 0.7849779382060195 8
5 11 11 3 0.7849779382060195 8
5 11 12 1 0.31633684961206443 5
5 11 12 2 0.31633684961206443 5
5 11 12 3 0.31633684961206443 5
5 11 13 1 0.3625147041453204 7
5 11 13 2 0.3625147041453204 7
5 11 13 3 0.3625147041453204 7
5 11 14 1 0.047934087446326656 3
5 11 14 2 0.047934087446326656 3
5 11 14 3 0.047934087446326656 3
5 11 15 1 0.47789432277074917 6
5 11 15 2 0.47789432277074917 6
5 11 15 3 0.47789432277074917 6
5 11 16 1 0.05468309759387879 2
5 11 16 2 0.05468309759387879 2
5 11 16 3 0.05468309759387879 2
5 11 17 1 0.32561696727683076 10
5 11 17 2 0.32561696727683076 10
5 11 17 3 0.32561696727683076 10
5 11 18 1 0.8289360073681858 1
5 11 18 2 0.8289360073681858 1
5 11 18 3 0.8289360073681858 1
5 12 1 1 0.2639811996453121 8
5 12 1 2 0.2639811996453121 8
5 12 1 3 0.2639811996453121 8
5 12 2 1 0.05356659521723417 9
5 12 2 2 0.05356659521723417 9
5 12 2 3 0.05356659521723417 9
5 12 3 1 0.17569820876248454 3
5 12 3 2 0.17569820876248454 3
5 12 3 3 0.17569820876248454 3
5 12 4 1 0.5264255469530715 7
5 12 4 2 0.5264255469530715 7
5 12 4 3 0.5264255469530715 7
5 12 5 1 0.17179078356968347 5
5 12 5 2 0.17179078356968347 5
5 12 5 3 0.17179078356968347 5
5 12 6 1 0.6590271985734913 8
5 12 6 2 0.6590271985734913 8
5 12 6 3 0.6590271985734913 8
5 12 7 1 0.5474549802352013 7
5 12 7 2 0.5474549802352013 7
5 12 7 3 0.5474549802352013 7
5 12 8 1 0.44019412372504585 4
5 12 8 2 0.44019412372504585 4
5 12 8 3 0.44019412372504585 4
5 12 9 1 0.9903966730709793 9
5 12 9 2 0.9903966730709793 9
5 12 9 3 0.9903966730709793 9
5 12 10 1 0.3631658289734363 9
5 12 10 2 0.3631658289734363 9
5 12 10 3 0.3631658289734363 9
5 12 11 1 0.8771627296212268 10
5 12 11 2 0.8771627296212268 10
5 12 11 3 0.8771627296212268 10
5 12 12 1 0.7308742434038835 5
5 12 12 2 0.7308742434038835 5
5 12 12 3 0.7308742434038835 5
5 12 13 1 0.9983236401571287 10
5 12 13 2 0.9983236401571287 10
5 12 13 3 0.9983236401571287 10
5 12 14 1 0.2806252944209605 10
5 12 14 2 0.2806252944209605 10
5 12 14 3 0.2806252944209605 10
5 12 15 1 0.9153819317561396 1
5 12 15 2 0.9153819317561396 1
5 12 15 3 0.9153819317561396 1
5 12 16 1 0.9559617503861694 6
5 12 16 2 0.9559617503861694 6
5 12 16 3 0.9559617503861694 6
5 12 17 1 0.4538660140229326 1
5 12 17 2 0.4538660140229326 1
5 12 17 3 0.4538660140229326 1
5 12 18 1 0.6039914185798512 9
5 12 18 2 0.6039914185798512 9
5 12 18 3 0.6039914185798512 9
